Vin	V(vdd)	V(vin)	I(Vdd)	I(Vin)	Ib(M1)	Id(M1)	Ig(M1)	Is(M1)
0.000000000000000e+00	5.000000e-01	0.000000e+00	-1.010000e-12	0.000000e+00	-5.100000e-13	1.010000e-12	0.000000e+00	-5.000000e-13
5.000000000000000e-03	5.000000e-01	5.000000e-03	-2.510100e-10	0.000000e+00	-5.100000e-13	2.510100e-10	0.000000e+00	-2.505000e-10
1.000000000000000e-02	5.000000e-01	1.000000e-02	-1.001010e-09	0.000000e+00	-5.100000e-13	1.001010e-09	0.000000e+00	-1.000500e-09
1.500000000000000e-02	5.000000e-01	1.500000e-02	-2.251010e-09	0.000000e+00	-5.100000e-13	2.251010e-09	0.000000e+00	-2.250500e-09
2.000000000000000e-02	5.000000e-01	2.000000e-02	-4.001010e-09	0.000000e+00	-5.100000e-13	4.001010e-09	0.000000e+00	-4.000500e-09
2.500000000000000e-02	5.000000e-01	2.500000e-02	-6.251010e-09	0.000000e+00	-5.100000e-13	6.251010e-09	0.000000e+00	-6.250500e-09
3.000000000000000e-02	5.000000e-01	3.000000e-02	-9.001010e-09	0.000000e+00	-5.100000e-13	9.001010e-09	0.000000e+00	-9.000500e-09
3.500000000000000e-02	5.000000e-01	3.500000e-02	-1.225101e-08	0.000000e+00	-5.100000e-13	1.225101e-08	0.000000e+00	-1.225050e-08
4.000000000000000e-02	5.000000e-01	4.000000e-02	-1.600101e-08	0.000000e+00	-5.100000e-13	1.600101e-08	0.000000e+00	-1.600050e-08
4.500000000000000e-02	5.000000e-01	4.500000e-02	-2.025101e-08	0.000000e+00	-5.100000e-13	2.025101e-08	0.000000e+00	-2.025050e-08
5.000000000000000e-02	5.000000e-01	5.000000e-02	-2.500101e-08	0.000000e+00	-5.100000e-13	2.500101e-08	0.000000e+00	-2.500050e-08
5.500000000000000e-02	5.000000e-01	5.500000e-02	-3.025101e-08	0.000000e+00	-5.100000e-13	3.025101e-08	0.000000e+00	-3.025050e-08
6.000000000000000e-02	5.000000e-01	6.000000e-02	-3.600101e-08	0.000000e+00	-5.100000e-13	3.600101e-08	0.000000e+00	-3.600050e-08
6.500000000000000e-02	5.000000e-01	6.500000e-02	-4.225101e-08	0.000000e+00	-5.100000e-13	4.225101e-08	0.000000e+00	-4.225050e-08
7.000000000000001e-02	5.000000e-01	7.000000e-02	-4.900101e-08	0.000000e+00	-5.100000e-13	4.900101e-08	0.000000e+00	-4.900050e-08
7.500000000000000e-02	5.000000e-01	7.500000e-02	-5.625101e-08	0.000000e+00	-5.100000e-13	5.625101e-08	0.000000e+00	-5.625050e-08
8.000000000000000e-02	5.000000e-01	8.000000e-02	-6.400101e-08	0.000000e+00	-5.100000e-13	6.400101e-08	0.000000e+00	-6.400050e-08
8.500000000000001e-02	5.000000e-01	8.500000e-02	-7.225101e-08	0.000000e+00	-5.100000e-13	7.225101e-08	0.000000e+00	-7.225050e-08
9.000000000000000e-02	5.000000e-01	9.000000e-02	-8.100101e-08	0.000000e+00	-5.100000e-13	8.100101e-08	0.000000e+00	-8.100050e-08
9.500000000000000e-02	5.000000e-01	9.500000e-02	-9.025101e-08	0.000000e+00	-5.100000e-13	9.025101e-08	0.000000e+00	-9.025050e-08
1.000000000000000e-01	5.000000e-01	1.000000e-01	-1.000010e-07	0.000000e+00	-5.100000e-13	1.000010e-07	0.000000e+00	-1.000005e-07
1.050000000000000e-01	5.000000e-01	1.050000e-01	-1.102510e-07	0.000000e+00	-5.100000e-13	1.102510e-07	0.000000e+00	-1.102505e-07
1.100000000000000e-01	5.000000e-01	1.100000e-01	-1.210010e-07	0.000000e+00	-5.100000e-13	1.210010e-07	0.000000e+00	-1.210005e-07
1.150000000000000e-01	5.000000e-01	1.150000e-01	-1.322510e-07	0.000000e+00	-5.100000e-13	1.322510e-07	0.000000e+00	-1.322505e-07
1.200000000000000e-01	5.000000e-01	1.200000e-01	-1.440010e-07	0.000000e+00	-5.100000e-13	1.440010e-07	0.000000e+00	-1.440005e-07
1.250000000000000e-01	5.000000e-01	1.250000e-01	-1.562510e-07	0.000000e+00	-5.100000e-13	1.562510e-07	0.000000e+00	-1.562505e-07
1.300000000000000e-01	5.000000e-01	1.300000e-01	-1.690010e-07	0.000000e+00	-5.100000e-13	1.690010e-07	0.000000e+00	-1.690005e-07
1.350000000000000e-01	5.000000e-01	1.350000e-01	-1.822510e-07	0.000000e+00	-5.100000e-13	1.822510e-07	0.000000e+00	-1.822505e-07
1.400000000000000e-01	5.000000e-01	1.400000e-01	-1.960010e-07	0.000000e+00	-5.100000e-13	1.960010e-07	0.000000e+00	-1.960005e-07
1.450000000000000e-01	5.000000e-01	1.450000e-01	-2.102510e-07	0.000000e+00	-5.100000e-13	2.102510e-07	0.000000e+00	-2.102505e-07
1.500000000000000e-01	5.000000e-01	1.500000e-01	-2.250010e-07	0.000000e+00	-5.100000e-13	2.250010e-07	0.000000e+00	-2.250005e-07
1.550000000000000e-01	5.000000e-01	1.550000e-01	-2.402510e-07	0.000000e+00	-5.100000e-13	2.402510e-07	0.000000e+00	-2.402505e-07
1.600000000000000e-01	5.000000e-01	1.600000e-01	-2.560010e-07	0.000000e+00	-5.100000e-13	2.560010e-07	0.000000e+00	-2.560005e-07
1.650000000000000e-01	5.000000e-01	1.650000e-01	-2.722510e-07	0.000000e+00	-5.100000e-13	2.722510e-07	0.000000e+00	-2.722505e-07
1.700000000000000e-01	5.000000e-01	1.700000e-01	-2.890010e-07	0.000000e+00	-5.100000e-13	2.890010e-07	0.000000e+00	-2.890005e-07
1.750000000000000e-01	5.000000e-01	1.750000e-01	-3.062510e-07	0.000000e+00	-5.100000e-13	3.062510e-07	0.000000e+00	-3.062505e-07
1.800000000000000e-01	5.000000e-01	1.800000e-01	-3.240010e-07	0.000000e+00	-5.100000e-13	3.240010e-07	0.000000e+00	-3.240005e-07
1.850000000000000e-01	5.000000e-01	1.850000e-01	-3.422510e-07	0.000000e+00	-5.100000e-13	3.422510e-07	0.000000e+00	-3.422505e-07
1.900000000000000e-01	5.000000e-01	1.900000e-01	-3.610010e-07	0.000000e+00	-5.100000e-13	3.610010e-07	0.000000e+00	-3.610005e-07
1.950000000000000e-01	5.000000e-01	1.950000e-01	-3.802510e-07	0.000000e+00	-5.100000e-13	3.802510e-07	0.000000e+00	-3.802505e-07
2.000000000000000e-01	5.000000e-01	2.000000e-01	-4.000010e-07	0.000000e+00	-5.100000e-13	4.000010e-07	0.000000e+00	-4.000005e-07
2.050000000000000e-01	5.000000e-01	2.050000e-01	-4.202510e-07	0.000000e+00	-5.100000e-13	4.202510e-07	0.000000e+00	-4.202505e-07
2.100000000000000e-01	5.000000e-01	2.100000e-01	-4.410010e-07	0.000000e+00	-5.100000e-13	4.410010e-07	0.000000e+00	-4.410005e-07
2.150000000000000e-01	5.000000e-01	2.150000e-01	-4.622510e-07	0.000000e+00	-5.100000e-13	4.622510e-07	0.000000e+00	-4.622505e-07
2.200000000000000e-01	5.000000e-01	2.200000e-01	-4.840010e-07	0.000000e+00	-5.100000e-13	4.840010e-07	0.000000e+00	-4.840005e-07
2.250000000000000e-01	5.000000e-01	2.250000e-01	-5.062510e-07	0.000000e+00	-5.100000e-13	5.062510e-07	0.000000e+00	-5.062505e-07
2.300000000000000e-01	5.000000e-01	2.300000e-01	-5.290010e-07	0.000000e+00	-5.100000e-13	5.290010e-07	0.000000e+00	-5.290005e-07
2.350000000000000e-01	5.000000e-01	2.350000e-01	-5.522510e-07	0.000000e+00	-5.100000e-13	5.522510e-07	0.000000e+00	-5.522505e-07
2.400000000000000e-01	5.000000e-01	2.400000e-01	-5.760010e-07	0.000000e+00	-5.100000e-13	5.760010e-07	0.000000e+00	-5.760005e-07
2.450000000000000e-01	5.000000e-01	2.450000e-01	-6.002510e-07	0.000000e+00	-5.100000e-13	6.002510e-07	0.000000e+00	-6.002505e-07
2.500000000000000e-01	5.000000e-01	2.500000e-01	-6.250010e-07	0.000000e+00	-5.100000e-13	6.250010e-07	0.000000e+00	-6.250005e-07
2.550000000000000e-01	5.000000e-01	2.550000e-01	-6.502510e-07	0.000000e+00	-5.100000e-13	6.502510e-07	0.000000e+00	-6.502505e-07
2.600000000000000e-01	5.000000e-01	2.600000e-01	-6.760010e-07	0.000000e+00	-5.100000e-13	6.760010e-07	0.000000e+00	-6.760005e-07
2.650000000000000e-01	5.000000e-01	2.650000e-01	-7.022510e-07	0.000000e+00	-5.100000e-13	7.022510e-07	0.000000e+00	-7.022505e-07
2.700000000000000e-01	5.000000e-01	2.700000e-01	-7.290010e-07	0.000000e+00	-5.100000e-13	7.290010e-07	0.000000e+00	-7.290005e-07
2.750000000000000e-01	5.000000e-01	2.750000e-01	-7.562510e-07	0.000000e+00	-5.100000e-13	7.562510e-07	0.000000e+00	-7.562505e-07
2.800000000000000e-01	5.000000e-01	2.800000e-01	-7.840010e-07	0.000000e+00	-5.100000e-13	7.840010e-07	0.000000e+00	-7.840005e-07
2.850000000000000e-01	5.000000e-01	2.850000e-01	-8.122510e-07	0.000000e+00	-5.100000e-13	8.122510e-07	0.000000e+00	-8.122505e-07
2.900000000000000e-01	5.000000e-01	2.900000e-01	-8.410010e-07	0.000000e+00	-5.100000e-13	8.410010e-07	0.000000e+00	-8.410005e-07
2.950000000000000e-01	5.000000e-01	2.950000e-01	-8.702510e-07	0.000000e+00	-5.100000e-13	8.702510e-07	0.000000e+00	-8.702505e-07
3.000000000000000e-01	5.000000e-01	3.000000e-01	-9.000010e-07	0.000000e+00	-5.100000e-13	9.000010e-07	0.000000e+00	-9.000005e-07
3.050000000000000e-01	5.000000e-01	3.050000e-01	-9.302510e-07	0.000000e+00	-5.100000e-13	9.302510e-07	0.000000e+00	-9.302505e-07
3.100000000000000e-01	5.000000e-01	3.100000e-01	-9.610010e-07	0.000000e+00	-5.100000e-13	9.610010e-07	0.000000e+00	-9.610005e-07
3.150000000000000e-01	5.000000e-01	3.150000e-01	-9.922510e-07	0.000000e+00	-5.100000e-13	9.922510e-07	0.000000e+00	-9.922505e-07
3.200000000000000e-01	5.000000e-01	3.200000e-01	-1.024001e-06	0.000000e+00	-5.100000e-13	1.024001e-06	0.000000e+00	-1.024001e-06
3.250000000000000e-01	5.000000e-01	3.250000e-01	-1.056251e-06	0.000000e+00	-5.100000e-13	1.056251e-06	0.000000e+00	-1.056251e-06
3.300000000000000e-01	5.000000e-01	3.300000e-01	-1.089001e-06	0.000000e+00	-5.100000e-13	1.089001e-06	0.000000e+00	-1.089001e-06
3.350000000000000e-01	5.000000e-01	3.350000e-01	-1.122251e-06	0.000000e+00	-5.100000e-13	1.122251e-06	0.000000e+00	-1.122251e-06
3.400000000000000e-01	5.000000e-01	3.400000e-01	-1.156001e-06	0.000000e+00	-5.100000e-13	1.156001e-06	0.000000e+00	-1.156001e-06
3.450000000000000e-01	5.000000e-01	3.450000e-01	-1.190251e-06	0.000000e+00	-5.100000e-13	1.190251e-06	0.000000e+00	-1.190250e-06
3.500000000000000e-01	5.000000e-01	3.500000e-01	-1.225001e-06	0.000000e+00	-5.100000e-13	1.225001e-06	0.000000e+00	-1.225000e-06
3.550000000000000e-01	5.000000e-01	3.550000e-01	-1.260251e-06	0.000000e+00	-5.100000e-13	1.260251e-06	0.000000e+00	-1.260251e-06
3.600000000000000e-01	5.000000e-01	3.600000e-01	-1.296001e-06	0.000000e+00	-5.100000e-13	1.296001e-06	0.000000e+00	-1.296001e-06
3.650000000000000e-01	5.000000e-01	3.650000e-01	-1.332251e-06	0.000000e+00	-5.100000e-13	1.332251e-06	0.000000e+00	-1.332250e-06
3.700000000000000e-01	5.000000e-01	3.700000e-01	-1.369001e-06	0.000000e+00	-5.100000e-13	1.369001e-06	0.000000e+00	-1.369001e-06
3.750000000000000e-01	5.000000e-01	3.750000e-01	-1.406251e-06	0.000000e+00	-5.100000e-13	1.406251e-06	0.000000e+00	-1.406250e-06
3.800000000000000e-01	5.000000e-01	3.800000e-01	-1.444001e-06	0.000000e+00	-5.100000e-13	1.444001e-06	0.000000e+00	-1.444001e-06
3.850000000000000e-01	5.000000e-01	3.850000e-01	-1.482251e-06	0.000000e+00	-5.100000e-13	1.482251e-06	0.000000e+00	-1.482250e-06
3.900000000000000e-01	5.000000e-01	3.900000e-01	-1.521001e-06	0.000000e+00	-5.100000e-13	1.521001e-06	0.000000e+00	-1.521001e-06
3.950000000000000e-01	5.000000e-01	3.950000e-01	-1.560251e-06	0.000000e+00	-5.100000e-13	1.560251e-06	0.000000e+00	-1.560251e-06
4.000000000000000e-01	5.000000e-01	4.000000e-01	-1.600001e-06	0.000000e+00	-5.100000e-13	1.600001e-06	0.000000e+00	-1.600000e-06
4.050000000000000e-01	5.000000e-01	4.050000e-01	-1.640251e-06	0.000000e+00	-5.100000e-13	1.640251e-06	0.000000e+00	-1.640251e-06
4.100000000000000e-01	5.000000e-01	4.100000e-01	-1.681001e-06	0.000000e+00	-5.100000e-13	1.681001e-06	0.000000e+00	-1.681001e-06
4.150000000000000e-01	5.000000e-01	4.150000e-01	-1.722251e-06	0.000000e+00	-5.100000e-13	1.722251e-06	0.000000e+00	-1.722251e-06
4.200000000000000e-01	5.000000e-01	4.200000e-01	-1.764001e-06	0.000000e+00	-5.100000e-13	1.764001e-06	0.000000e+00	-1.764000e-06
4.250000000000000e-01	5.000000e-01	4.250000e-01	-1.806251e-06	0.000000e+00	-5.100000e-13	1.806251e-06	0.000000e+00	-1.806250e-06
4.300000000000000e-01	5.000000e-01	4.300000e-01	-1.849001e-06	0.000000e+00	-5.100000e-13	1.849001e-06	0.000000e+00	-1.849000e-06
4.350000000000000e-01	5.000000e-01	4.350000e-01	-1.892251e-06	0.000000e+00	-5.100000e-13	1.892251e-06	0.000000e+00	-1.892250e-06
4.400000000000000e-01	5.000000e-01	4.400000e-01	-1.936001e-06	0.000000e+00	-5.100000e-13	1.936001e-06	0.000000e+00	-1.936000e-06
4.450000000000000e-01	5.000000e-01	4.450000e-01	-1.980251e-06	0.000000e+00	-5.100000e-13	1.980251e-06	0.000000e+00	-1.980251e-06
4.500000000000000e-01	5.000000e-01	4.500000e-01	-2.025001e-06	0.000000e+00	-5.100000e-13	2.025001e-06	0.000000e+00	-2.025000e-06
4.550000000000000e-01	5.000000e-01	4.550000e-01	-2.070251e-06	0.000000e+00	-5.100000e-13	2.070251e-06	0.000000e+00	-2.070251e-06
4.600000000000000e-01	5.000000e-01	4.600000e-01	-2.116001e-06	0.000000e+00	-5.100000e-13	2.116001e-06	0.000000e+00	-2.116001e-06
4.650000000000000e-01	5.000000e-01	4.650000e-01	-2.162251e-06	0.000000e+00	-5.100000e-13	2.162251e-06	0.000000e+00	-2.162250e-06
4.700000000000000e-01	5.000000e-01	4.700000e-01	-2.209001e-06	0.000000e+00	-5.100000e-13	2.209001e-06	0.000000e+00	-2.209001e-06
4.750000000000000e-01	5.000000e-01	4.750000e-01	-2.256251e-06	0.000000e+00	-5.100000e-13	2.256251e-06	0.000000e+00	-2.256251e-06
4.800000000000000e-01	5.000000e-01	4.800000e-01	-2.304001e-06	0.000000e+00	-5.100000e-13	2.304001e-06	0.000000e+00	-2.304000e-06
4.850000000000000e-01	5.000000e-01	4.850000e-01	-2.352251e-06	0.000000e+00	-5.100000e-13	2.352251e-06	0.000000e+00	-2.352250e-06
4.900000000000000e-01	5.000000e-01	4.900000e-01	-2.401001e-06	0.000000e+00	-5.100000e-13	2.401001e-06	0.000000e+00	-2.401001e-06
4.950000000000000e-01	5.000000e-01	4.950000e-01	-2.450251e-06	0.000000e+00	-5.100000e-13	2.450251e-06	0.000000e+00	-2.450251e-06
5.000000000000000e-01	5.000000e-01	5.000000e-01	-2.500001e-06	0.000000e+00	-5.100000e-13	2.500001e-06	0.000000e+00	-2.500000e-06
5.050000000000000e-01	5.000000e-01	5.050000e-01	-2.550001e-06	0.000000e+00	-5.100000e-13	2.550001e-06	0.000000e+00	-2.550001e-06
5.100000000000000e-01	5.000000e-01	5.100000e-01	-2.600001e-06	0.000000e+00	-5.100000e-13	2.600001e-06	0.000000e+00	-2.600000e-06
5.150000000000000e-01	5.000000e-01	5.150000e-01	-2.650001e-06	0.000000e+00	-5.100000e-13	2.650001e-06	0.000000e+00	-2.650000e-06
5.200000000000000e-01	5.000000e-01	5.200000e-01	-2.700001e-06	0.000000e+00	-5.100000e-13	2.700001e-06	0.000000e+00	-2.700001e-06
5.250000000000000e-01	5.000000e-01	5.250000e-01	-2.750001e-06	0.000000e+00	-5.100000e-13	2.750001e-06	0.000000e+00	-2.750000e-06
5.300000000000000e-01	5.000000e-01	5.300000e-01	-2.800001e-06	0.000000e+00	-5.100000e-13	2.800001e-06	0.000000e+00	-2.800000e-06
5.350000000000000e-01	5.000000e-01	5.350000e-01	-2.850001e-06	0.000000e+00	-5.100000e-13	2.850001e-06	0.000000e+00	-2.850001e-06
5.400000000000000e-01	5.000000e-01	5.400000e-01	-2.900001e-06	0.000000e+00	-5.100000e-13	2.900001e-06	0.000000e+00	-2.900000e-06
5.450000000000000e-01	5.000000e-01	5.450000e-01	-2.950001e-06	0.000000e+00	-5.100000e-13	2.950001e-06	0.000000e+00	-2.950000e-06
5.500000000000000e-01	5.000000e-01	5.500000e-01	-3.000001e-06	0.000000e+00	-5.100000e-13	3.000001e-06	0.000000e+00	-3.000001e-06
5.550000000000000e-01	5.000000e-01	5.550000e-01	-3.050001e-06	0.000000e+00	-5.100000e-13	3.050001e-06	0.000000e+00	-3.050000e-06
5.600000000000001e-01	5.000000e-01	5.600000e-01	-3.100001e-06	0.000000e+00	-5.100000e-13	3.100001e-06	0.000000e+00	-3.100000e-06
5.650000000000001e-01	5.000000e-01	5.650000e-01	-3.150001e-06	0.000000e+00	-5.100000e-13	3.150001e-06	0.000000e+00	-3.150001e-06
5.700000000000001e-01	5.000000e-01	5.700000e-01	-3.200001e-06	0.000000e+00	-5.100000e-13	3.200001e-06	0.000000e+00	-3.200000e-06
5.750000000000001e-01	5.000000e-01	5.750000e-01	-3.250001e-06	0.000000e+00	-5.100000e-13	3.250001e-06	0.000000e+00	-3.250000e-06
5.800000000000000e-01	5.000000e-01	5.800000e-01	-3.300001e-06	0.000000e+00	-5.100000e-13	3.300001e-06	0.000000e+00	-3.300001e-06
5.850000000000000e-01	5.000000e-01	5.850000e-01	-3.350001e-06	0.000000e+00	-5.100000e-13	3.350001e-06	0.000000e+00	-3.350000e-06
5.900000000000000e-01	5.000000e-01	5.900000e-01	-3.400001e-06	0.000000e+00	-5.100000e-13	3.400001e-06	0.000000e+00	-3.400000e-06
5.950000000000000e-01	5.000000e-01	5.950000e-01	-3.450001e-06	0.000000e+00	-5.100000e-13	3.450001e-06	0.000000e+00	-3.450001e-06
6.000000000000000e-01	5.000000e-01	6.000000e-01	-3.500001e-06	0.000000e+00	-5.100000e-13	3.500001e-06	0.000000e+00	-3.500001e-06
6.050000000000000e-01	5.000000e-01	6.050000e-01	-3.550001e-06	0.000000e+00	-5.100000e-13	3.550001e-06	0.000000e+00	-3.550000e-06
6.100000000000000e-01	5.000000e-01	6.100000e-01	-3.600001e-06	0.000000e+00	-5.100000e-13	3.600001e-06	0.000000e+00	-3.600001e-06
6.150000000000000e-01	5.000000e-01	6.150000e-01	-3.650001e-06	0.000000e+00	-5.100000e-13	3.650001e-06	0.000000e+00	-3.650001e-06
6.200000000000000e-01	5.000000e-01	6.200000e-01	-3.700001e-06	0.000000e+00	-5.100000e-13	3.700001e-06	0.000000e+00	-3.700000e-06
6.250000000000000e-01	5.000000e-01	6.250000e-01	-3.750001e-06	0.000000e+00	-5.100000e-13	3.750001e-06	0.000000e+00	-3.750001e-06
6.300000000000000e-01	5.000000e-01	6.300000e-01	-3.800001e-06	0.000000e+00	-5.100000e-13	3.800001e-06	0.000000e+00	-3.800001e-06
6.350000000000000e-01	5.000000e-01	6.350000e-01	-3.850001e-06	0.000000e+00	-5.100000e-13	3.850001e-06	0.000000e+00	-3.850001e-06
6.400000000000000e-01	5.000000e-01	6.400000e-01	-3.900001e-06	0.000000e+00	-5.100000e-13	3.900001e-06	0.000000e+00	-3.900001e-06
6.450000000000000e-01	5.000000e-01	6.450000e-01	-3.950001e-06	0.000000e+00	-5.100000e-13	3.950001e-06	0.000000e+00	-3.950001e-06
6.500000000000000e-01	5.000000e-01	6.500000e-01	-4.000001e-06	0.000000e+00	-5.100000e-13	4.000001e-06	0.000000e+00	-4.000000e-06
6.550000000000000e-01	5.000000e-01	6.550000e-01	-4.050001e-06	0.000000e+00	-5.100000e-13	4.050001e-06	0.000000e+00	-4.050000e-06
6.600000000000000e-01	5.000000e-01	6.600000e-01	-4.100001e-06	0.000000e+00	-5.100000e-13	4.100001e-06	0.000000e+00	-4.100000e-06
6.650000000000000e-01	5.000000e-01	6.650000e-01	-4.150001e-06	0.000000e+00	-5.100000e-13	4.150001e-06	0.000000e+00	-4.150001e-06
6.700000000000000e-01	5.000000e-01	6.700000e-01	-4.200001e-06	0.000000e+00	-5.100000e-13	4.200001e-06	0.000000e+00	-4.200001e-06
6.750000000000000e-01	5.000000e-01	6.750000e-01	-4.250001e-06	0.000000e+00	-5.100000e-13	4.250001e-06	0.000000e+00	-4.250001e-06
6.800000000000000e-01	5.000000e-01	6.800000e-01	-4.300001e-06	0.000000e+00	-5.100000e-13	4.300001e-06	0.000000e+00	-4.300000e-06
6.850000000000001e-01	5.000000e-01	6.850000e-01	-4.350001e-06	0.000000e+00	-5.100000e-13	4.350001e-06	0.000000e+00	-4.350000e-06
6.900000000000001e-01	5.000000e-01	6.900000e-01	-4.400001e-06	0.000000e+00	-5.100000e-13	4.400001e-06	0.000000e+00	-4.400000e-06
6.950000000000001e-01	5.000000e-01	6.950000e-01	-4.450001e-06	0.000000e+00	-5.100000e-13	4.450001e-06	0.000000e+00	-4.450001e-06
7.000000000000001e-01	5.000000e-01	7.000000e-01	-4.500001e-06	0.000000e+00	-5.100000e-13	4.500001e-06	0.000000e+00	-4.500001e-06
7.050000000000000e-01	5.000000e-01	7.050000e-01	-4.550001e-06	0.000000e+00	-5.100000e-13	4.550001e-06	0.000000e+00	-4.550001e-06
7.100000000000000e-01	5.000000e-01	7.100000e-01	-4.600001e-06	0.000000e+00	-5.100000e-13	4.600001e-06	0.000000e+00	-4.600000e-06
7.150000000000000e-01	5.000000e-01	7.150000e-01	-4.650001e-06	0.000000e+00	-5.100000e-13	4.650001e-06	0.000000e+00	-4.650000e-06
7.200000000000000e-01	5.000000e-01	7.200000e-01	-4.700001e-06	0.000000e+00	-5.100000e-13	4.700001e-06	0.000000e+00	-4.700000e-06
7.250000000000000e-01	5.000000e-01	7.250000e-01	-4.750001e-06	0.000000e+00	-5.100000e-13	4.750001e-06	0.000000e+00	-4.750001e-06
7.300000000000000e-01	5.000000e-01	7.300000e-01	-4.800001e-06	0.000000e+00	-5.100000e-13	4.800001e-06	0.000000e+00	-4.800001e-06
7.350000000000000e-01	5.000000e-01	7.350000e-01	-4.850001e-06	0.000000e+00	-5.100000e-13	4.850001e-06	0.000000e+00	-4.850001e-06
7.400000000000000e-01	5.000000e-01	7.400000e-01	-4.900001e-06	0.000000e+00	-5.100000e-13	4.900001e-06	0.000000e+00	-4.900000e-06
7.450000000000000e-01	5.000000e-01	7.450000e-01	-4.950001e-06	0.000000e+00	-5.100000e-13	4.950001e-06	0.000000e+00	-4.950000e-06
7.500000000000000e-01	5.000000e-01	7.500000e-01	-5.000001e-06	0.000000e+00	-5.100000e-13	5.000001e-06	0.000000e+00	-5.000000e-06
7.550000000000000e-01	5.000000e-01	7.550000e-01	-5.050001e-06	0.000000e+00	-5.100000e-13	5.050001e-06	0.000000e+00	-5.050001e-06
7.600000000000000e-01	5.000000e-01	7.600000e-01	-5.100001e-06	0.000000e+00	-5.100000e-13	5.100001e-06	0.000000e+00	-5.100001e-06
7.650000000000000e-01	5.000000e-01	7.650000e-01	-5.150001e-06	0.000000e+00	-5.100000e-13	5.150001e-06	0.000000e+00	-5.150001e-06
7.700000000000000e-01	5.000000e-01	7.700000e-01	-5.200001e-06	0.000000e+00	-5.100000e-13	5.200001e-06	0.000000e+00	-5.200000e-06
7.750000000000000e-01	5.000000e-01	7.750000e-01	-5.250001e-06	0.000000e+00	-5.100000e-13	5.250001e-06	0.000000e+00	-5.250000e-06
7.800000000000000e-01	5.000000e-01	7.800000e-01	-5.300001e-06	0.000000e+00	-5.100000e-13	5.300001e-06	0.000000e+00	-5.300000e-06
7.850000000000000e-01	5.000000e-01	7.850000e-01	-5.350001e-06	0.000000e+00	-5.100000e-13	5.350001e-06	0.000000e+00	-5.350001e-06
7.900000000000000e-01	5.000000e-01	7.900000e-01	-5.400001e-06	0.000000e+00	-5.100000e-13	5.400001e-06	0.000000e+00	-5.400001e-06
7.950000000000000e-01	5.000000e-01	7.950000e-01	-5.450001e-06	0.000000e+00	-5.100000e-13	5.450001e-06	0.000000e+00	-5.450001e-06
8.000000000000000e-01	5.000000e-01	8.000000e-01	-5.500001e-06	0.000000e+00	-5.100000e-13	5.500001e-06	0.000000e+00	-5.500000e-06
8.050000000000000e-01	5.000000e-01	8.050000e-01	-5.550001e-06	0.000000e+00	-5.100000e-13	5.550001e-06	0.000000e+00	-5.550000e-06
8.100000000000001e-01	5.000000e-01	8.100000e-01	-5.600001e-06	0.000000e+00	-5.100000e-13	5.600001e-06	0.000000e+00	-5.600000e-06
8.150000000000001e-01	5.000000e-01	8.150000e-01	-5.650001e-06	0.000000e+00	-5.100000e-13	5.650001e-06	0.000000e+00	-5.650000e-06
8.200000000000001e-01	5.000000e-01	8.200000e-01	-5.700001e-06	0.000000e+00	-5.100000e-13	5.700001e-06	0.000000e+00	-5.700001e-06
8.250000000000001e-01	5.000000e-01	8.250000e-01	-5.750001e-06	0.000000e+00	-5.100000e-13	5.750001e-06	0.000000e+00	-5.750001e-06
8.300000000000001e-01	5.000000e-01	8.300000e-01	-5.800001e-06	0.000000e+00	-5.100000e-13	5.800001e-06	0.000000e+00	-5.800001e-06
8.350000000000000e-01	5.000000e-01	8.350000e-01	-5.850001e-06	0.000000e+00	-5.100000e-13	5.850001e-06	0.000000e+00	-5.850000e-06
8.400000000000000e-01	5.000000e-01	8.400000e-01	-5.900001e-06	0.000000e+00	-5.100000e-13	5.900001e-06	0.000000e+00	-5.900000e-06
8.450000000000000e-01	5.000000e-01	8.450000e-01	-5.950001e-06	0.000000e+00	-5.100000e-13	5.950001e-06	0.000000e+00	-5.950000e-06
8.500000000000000e-01	5.000000e-01	8.500000e-01	-6.000001e-06	0.000000e+00	-5.100000e-13	6.000001e-06	0.000000e+00	-6.000001e-06
8.550000000000000e-01	5.000000e-01	8.550000e-01	-6.050001e-06	0.000000e+00	-5.100000e-13	6.050001e-06	0.000000e+00	-6.050001e-06
8.600000000000000e-01	5.000000e-01	8.600000e-01	-6.100001e-06	0.000000e+00	-5.100000e-13	6.100001e-06	0.000000e+00	-6.100001e-06
8.650000000000000e-01	5.000000e-01	8.650000e-01	-6.150001e-06	0.000000e+00	-5.100000e-13	6.150001e-06	0.000000e+00	-6.150000e-06
8.700000000000000e-01	5.000000e-01	8.700000e-01	-6.200001e-06	0.000000e+00	-5.100000e-13	6.200001e-06	0.000000e+00	-6.200000e-06
8.750000000000000e-01	5.000000e-01	8.750000e-01	-6.250001e-06	0.000000e+00	-5.100000e-13	6.250001e-06	0.000000e+00	-6.250000e-06
8.800000000000000e-01	5.000000e-01	8.800000e-01	-6.300001e-06	0.000000e+00	-5.100000e-13	6.300001e-06	0.000000e+00	-6.300001e-06
8.850000000000000e-01	5.000000e-01	8.850000e-01	-6.350001e-06	0.000000e+00	-5.100000e-13	6.350001e-06	0.000000e+00	-6.350001e-06
8.900000000000000e-01	5.000000e-01	8.900000e-01	-6.400001e-06	0.000000e+00	-5.100000e-13	6.400001e-06	0.000000e+00	-6.400001e-06
8.950000000000000e-01	5.000000e-01	8.950000e-01	-6.450001e-06	0.000000e+00	-5.100000e-13	6.450001e-06	0.000000e+00	-6.450000e-06
9.000000000000000e-01	5.000000e-01	9.000000e-01	-6.500001e-06	0.000000e+00	-5.100000e-13	6.500001e-06	0.000000e+00	-6.500000e-06
9.050000000000000e-01	5.000000e-01	9.050000e-01	-6.550001e-06	0.000000e+00	-5.100000e-13	6.550001e-06	0.000000e+00	-6.550000e-06
9.100000000000000e-01	5.000000e-01	9.100000e-01	-6.600001e-06	0.000000e+00	-5.100000e-13	6.600001e-06	0.000000e+00	-6.600001e-06
9.150000000000000e-01	5.000000e-01	9.150000e-01	-6.650001e-06	0.000000e+00	-5.100000e-13	6.650001e-06	0.000000e+00	-6.650001e-06
9.200000000000000e-01	5.000000e-01	9.200000e-01	-6.700001e-06	0.000000e+00	-5.100000e-13	6.700001e-06	0.000000e+00	-6.700001e-06
9.250000000000000e-01	5.000000e-01	9.250000e-01	-6.750001e-06	0.000000e+00	-5.100000e-13	6.750001e-06	0.000000e+00	-6.750000e-06
9.300000000000000e-01	5.000000e-01	9.300000e-01	-6.800001e-06	0.000000e+00	-5.100000e-13	6.800001e-06	0.000000e+00	-6.800000e-06
9.350000000000001e-01	5.000000e-01	9.350000e-01	-6.850001e-06	0.000000e+00	-5.100000e-13	6.850001e-06	0.000000e+00	-6.850000e-06
9.400000000000001e-01	5.000000e-01	9.400000e-01	-6.900001e-06	0.000000e+00	-5.100000e-13	6.900001e-06	0.000000e+00	-6.900001e-06
9.450000000000001e-01	5.000000e-01	9.450000e-01	-6.950001e-06	0.000000e+00	-5.100000e-13	6.950001e-06	0.000000e+00	-6.950001e-06
9.500000000000001e-01	5.000000e-01	9.500000e-01	-7.000001e-06	0.000000e+00	-5.100000e-13	7.000001e-06	0.000000e+00	-7.000001e-06
9.550000000000001e-01	5.000000e-01	9.550000e-01	-7.050001e-06	0.000000e+00	-5.100000e-13	7.050001e-06	0.000000e+00	-7.050000e-06
9.600000000000000e-01	5.000000e-01	9.600000e-01	-7.100001e-06	0.000000e+00	-5.100000e-13	7.100001e-06	0.000000e+00	-7.100000e-06
9.650000000000000e-01	5.000000e-01	9.650000e-01	-7.150001e-06	0.000000e+00	-5.100000e-13	7.150001e-06	0.000000e+00	-7.150000e-06
9.700000000000000e-01	5.000000e-01	9.700000e-01	-7.200001e-06	0.000000e+00	-5.100000e-13	7.200001e-06	0.000000e+00	-7.200001e-06
9.750000000000000e-01	5.000000e-01	9.750000e-01	-7.250001e-06	0.000000e+00	-5.100000e-13	7.250001e-06	0.000000e+00	-7.250001e-06
9.800000000000000e-01	5.000000e-01	9.800000e-01	-7.300001e-06	0.000000e+00	-5.100000e-13	7.300001e-06	0.000000e+00	-7.300001e-06
9.850000000000000e-01	5.000000e-01	9.850000e-01	-7.350001e-06	0.000000e+00	-5.100000e-13	7.350001e-06	0.000000e+00	-7.350000e-06
9.900000000000000e-01	5.000000e-01	9.900000e-01	-7.400001e-06	0.000000e+00	-5.100000e-13	7.400001e-06	0.000000e+00	-7.400000e-06
9.950000000000000e-01	5.000000e-01	9.950000e-01	-7.450001e-06	0.000000e+00	-5.100000e-13	7.450001e-06	0.000000e+00	-7.450000e-06
1.000000000000000e+00	5.000000e-01	1.000000e+00	-7.500001e-06	0.000000e+00	-5.100000e-13	7.500001e-06	0.000000e+00	-7.500001e-06
1.005000000000000e+00	5.000000e-01	1.005000e+00	-7.550001e-06	0.000000e+00	-5.100000e-13	7.550001e-06	0.000000e+00	-7.550001e-06
1.010000000000000e+00	5.000000e-01	1.010000e+00	-7.600001e-06	0.000000e+00	-5.100000e-13	7.600001e-06	0.000000e+00	-7.600001e-06
1.015000000000000e+00	5.000000e-01	1.015000e+00	-7.650001e-06	0.000000e+00	-5.100000e-13	7.650001e-06	0.000000e+00	-7.650001e-06
1.020000000000000e+00	5.000000e-01	1.020000e+00	-7.700001e-06	0.000000e+00	-5.100000e-13	7.700001e-06	0.000000e+00	-7.700000e-06
1.025000000000000e+00	5.000000e-01	1.025000e+00	-7.750001e-06	0.000000e+00	-5.100000e-13	7.750001e-06	0.000000e+00	-7.750001e-06
1.030000000000000e+00	5.000000e-01	1.030000e+00	-7.800001e-06	0.000000e+00	-5.100000e-13	7.800001e-06	0.000000e+00	-7.800000e-06
1.035000000000000e+00	5.000000e-01	1.035000e+00	-7.850001e-06	0.000000e+00	-5.100000e-13	7.850001e-06	0.000000e+00	-7.850001e-06
1.040000000000000e+00	5.000000e-01	1.040000e+00	-7.900001e-06	0.000000e+00	-5.100000e-13	7.900001e-06	0.000000e+00	-7.900000e-06
1.045000000000000e+00	5.000000e-01	1.045000e+00	-7.950001e-06	0.000000e+00	-5.100000e-13	7.950001e-06	0.000000e+00	-7.950001e-06
1.050000000000000e+00	5.000000e-01	1.050000e+00	-8.000001e-06	0.000000e+00	-5.100000e-13	8.000001e-06	0.000000e+00	-8.000001e-06
1.055000000000000e+00	5.000000e-01	1.055000e+00	-8.050001e-06	0.000000e+00	-5.100000e-13	8.050001e-06	0.000000e+00	-8.050000e-06
1.060000000000000e+00	5.000000e-01	1.060000e+00	-8.100001e-06	0.000000e+00	-5.100000e-13	8.100001e-06	0.000000e+00	-8.100001e-06
1.065000000000000e+00	5.000000e-01	1.065000e+00	-8.150001e-06	0.000000e+00	-5.100000e-13	8.150001e-06	0.000000e+00	-8.150000e-06
1.070000000000000e+00	5.000000e-01	1.070000e+00	-8.200001e-06	0.000000e+00	-5.100000e-13	8.200001e-06	0.000000e+00	-8.200001e-06
1.075000000000000e+00	5.000000e-01	1.075000e+00	-8.250001e-06	0.000000e+00	-5.100000e-13	8.250001e-06	0.000000e+00	-8.250000e-06
1.080000000000000e+00	5.000000e-01	1.080000e+00	-8.300001e-06	0.000000e+00	-5.100000e-13	8.300001e-06	0.000000e+00	-8.300000e-06
1.085000000000000e+00	5.000000e-01	1.085000e+00	-8.350001e-06	0.000000e+00	-5.100000e-13	8.350001e-06	0.000000e+00	-8.350001e-06
1.090000000000000e+00	5.000000e-01	1.090000e+00	-8.400001e-06	0.000000e+00	-5.100000e-13	8.400001e-06	0.000000e+00	-8.400000e-06
1.095000000000000e+00	5.000000e-01	1.095000e+00	-8.450001e-06	0.000000e+00	-5.100000e-13	8.450001e-06	0.000000e+00	-8.450001e-06
1.100000000000000e+00	5.000000e-01	1.100000e+00	-8.500001e-06	0.000000e+00	-5.100000e-13	8.500001e-06	0.000000e+00	-8.500000e-06
1.105000000000000e+00	5.000000e-01	1.105000e+00	-8.550001e-06	0.000000e+00	-5.100000e-13	8.550001e-06	0.000000e+00	-8.550001e-06
1.110000000000000e+00	5.000000e-01	1.110000e+00	-8.600001e-06	0.000000e+00	-5.100000e-13	8.600001e-06	0.000000e+00	-8.600001e-06
1.115000000000000e+00	5.000000e-01	1.115000e+00	-8.650001e-06	0.000000e+00	-5.100000e-13	8.650001e-06	0.000000e+00	-8.650000e-06
1.120000000000000e+00	5.000000e-01	1.120000e+00	-8.700001e-06	0.000000e+00	-5.100000e-13	8.700001e-06	0.000000e+00	-8.700001e-06
1.125000000000000e+00	5.000000e-01	1.125000e+00	-8.750001e-06	0.000000e+00	-5.100000e-13	8.750001e-06	0.000000e+00	-8.750000e-06
1.130000000000000e+00	5.000000e-01	1.130000e+00	-8.800001e-06	0.000000e+00	-5.100000e-13	8.800001e-06	0.000000e+00	-8.800001e-06
1.135000000000000e+00	5.000000e-01	1.135000e+00	-8.850001e-06	0.000000e+00	-5.100000e-13	8.850001e-06	0.000000e+00	-8.850000e-06
1.140000000000000e+00	5.000000e-01	1.140000e+00	-8.900001e-06	0.000000e+00	-5.100000e-13	8.900001e-06	0.000000e+00	-8.900000e-06
1.145000000000000e+00	5.000000e-01	1.145000e+00	-8.950001e-06	0.000000e+00	-5.100000e-13	8.950001e-06	0.000000e+00	-8.950001e-06
1.150000000000000e+00	5.000000e-01	1.150000e+00	-9.000001e-06	0.000000e+00	-5.100000e-13	9.000001e-06	0.000000e+00	-9.000000e-06
1.155000000000000e+00	5.000000e-01	1.155000e+00	-9.050001e-06	0.000000e+00	-5.100000e-13	9.050001e-06	0.000000e+00	-9.050001e-06
1.160000000000000e+00	5.000000e-01	1.160000e+00	-9.100001e-06	0.000000e+00	-5.100000e-13	9.100001e-06	0.000000e+00	-9.100000e-06
1.165000000000000e+00	5.000000e-01	1.165000e+00	-9.150001e-06	0.000000e+00	-5.100000e-13	9.150001e-06	0.000000e+00	-9.150001e-06
1.170000000000000e+00	5.000000e-01	1.170000e+00	-9.200001e-06	0.000000e+00	-5.100000e-13	9.200001e-06	0.000000e+00	-9.200001e-06
1.175000000000000e+00	5.000000e-01	1.175000e+00	-9.250001e-06	0.000000e+00	-5.100000e-13	9.250001e-06	0.000000e+00	-9.250000e-06
1.180000000000000e+00	5.000000e-01	1.180000e+00	-9.300001e-06	0.000000e+00	-5.100000e-13	9.300001e-06	0.000000e+00	-9.300001e-06
1.185000000000000e+00	5.000000e-01	1.185000e+00	-9.350001e-06	0.000000e+00	-5.100000e-13	9.350001e-06	0.000000e+00	-9.350000e-06
1.190000000000000e+00	5.000000e-01	1.190000e+00	-9.400001e-06	0.000000e+00	-5.100000e-13	9.400001e-06	0.000000e+00	-9.400001e-06
1.195000000000000e+00	5.000000e-01	1.195000e+00	-9.450001e-06	0.000000e+00	-5.100000e-13	9.450001e-06	0.000000e+00	-9.450000e-06
1.200000000000000e+00	5.000000e-01	1.200000e+00	-9.500001e-06	0.000000e+00	-5.100000e-13	9.500001e-06	0.000000e+00	-9.500000e-06
1.205000000000000e+00	5.000000e-01	1.205000e+00	-9.550001e-06	0.000000e+00	-5.100000e-13	9.550001e-06	0.000000e+00	-9.550001e-06
1.210000000000000e+00	5.000000e-01	1.210000e+00	-9.600001e-06	0.000000e+00	-5.100000e-13	9.600001e-06	0.000000e+00	-9.600000e-06
1.215000000000000e+00	5.000000e-01	1.215000e+00	-9.650001e-06	0.000000e+00	-5.100000e-13	9.650001e-06	0.000000e+00	-9.650001e-06
1.220000000000000e+00	5.000000e-01	1.220000e+00	-9.700001e-06	0.000000e+00	-5.100000e-13	9.700001e-06	0.000000e+00	-9.700000e-06
1.225000000000000e+00	5.000000e-01	1.225000e+00	-9.750001e-06	0.000000e+00	-5.100000e-13	9.750001e-06	0.000000e+00	-9.750001e-06
1.230000000000000e+00	5.000000e-01	1.230000e+00	-9.800001e-06	0.000000e+00	-5.100000e-13	9.800001e-06	0.000000e+00	-9.800001e-06
1.235000000000000e+00	5.000000e-01	1.235000e+00	-9.850001e-06	0.000000e+00	-5.100000e-13	9.850001e-06	0.000000e+00	-9.850000e-06
1.240000000000000e+00	5.000000e-01	1.240000e+00	-9.900001e-06	0.000000e+00	-5.100000e-13	9.900001e-06	0.000000e+00	-9.900001e-06
1.245000000000000e+00	5.000000e-01	1.245000e+00	-9.950001e-06	0.000000e+00	-5.100000e-13	9.950001e-06	0.000000e+00	-9.950000e-06
1.250000000000000e+00	5.000000e-01	1.250000e+00	-1.000000e-05	0.000000e+00	-5.100000e-13	1.000000e-05	0.000000e+00	-1.000000e-05
1.255000000000000e+00	5.000000e-01	1.255000e+00	-1.005000e-05	0.000000e+00	-5.100000e-13	1.005000e-05	0.000000e+00	-1.005000e-05
1.260000000000000e+00	5.000000e-01	1.260000e+00	-1.010000e-05	0.000000e+00	-5.100000e-13	1.010000e-05	0.000000e+00	-1.010000e-05
1.265000000000000e+00	5.000000e-01	1.265000e+00	-1.015000e-05	0.000000e+00	-5.100000e-13	1.015000e-05	0.000000e+00	-1.015000e-05
1.270000000000000e+00	5.000000e-01	1.270000e+00	-1.020000e-05	0.000000e+00	-5.100000e-13	1.020000e-05	0.000000e+00	-1.020000e-05
1.275000000000000e+00	5.000000e-01	1.275000e+00	-1.025000e-05	0.000000e+00	-5.100000e-13	1.025000e-05	0.000000e+00	-1.025000e-05
1.280000000000000e+00	5.000000e-01	1.280000e+00	-1.030000e-05	0.000000e+00	-5.100000e-13	1.030000e-05	0.000000e+00	-1.030000e-05
1.285000000000000e+00	5.000000e-01	1.285000e+00	-1.035000e-05	0.000000e+00	-5.100000e-13	1.035000e-05	0.000000e+00	-1.035000e-05
1.290000000000000e+00	5.000000e-01	1.290000e+00	-1.040000e-05	0.000000e+00	-5.100000e-13	1.040000e-05	0.000000e+00	-1.040000e-05
1.295000000000000e+00	5.000000e-01	1.295000e+00	-1.045000e-05	0.000000e+00	-5.100000e-13	1.045000e-05	0.000000e+00	-1.045000e-05
1.300000000000000e+00	5.000000e-01	1.300000e+00	-1.050000e-05	0.000000e+00	-5.100000e-13	1.050000e-05	0.000000e+00	-1.050000e-05
1.305000000000000e+00	5.000000e-01	1.305000e+00	-1.055000e-05	0.000000e+00	-5.100000e-13	1.055000e-05	0.000000e+00	-1.055000e-05
1.310000000000000e+00	5.000000e-01	1.310000e+00	-1.060000e-05	0.000000e+00	-5.100000e-13	1.060000e-05	0.000000e+00	-1.060000e-05
1.315000000000000e+00	5.000000e-01	1.315000e+00	-1.065000e-05	0.000000e+00	-5.100000e-13	1.065000e-05	0.000000e+00	-1.065000e-05
1.320000000000000e+00	5.000000e-01	1.320000e+00	-1.070000e-05	0.000000e+00	-5.100000e-13	1.070000e-05	0.000000e+00	-1.070000e-05
1.325000000000000e+00	5.000000e-01	1.325000e+00	-1.075000e-05	0.000000e+00	-5.100000e-13	1.075000e-05	0.000000e+00	-1.075000e-05
1.330000000000000e+00	5.000000e-01	1.330000e+00	-1.080000e-05	0.000000e+00	-5.100000e-13	1.080000e-05	0.000000e+00	-1.080000e-05
1.335000000000000e+00	5.000000e-01	1.335000e+00	-1.085000e-05	0.000000e+00	-5.100000e-13	1.085000e-05	0.000000e+00	-1.085000e-05
1.340000000000000e+00	5.000000e-01	1.340000e+00	-1.090000e-05	0.000000e+00	-5.100000e-13	1.090000e-05	0.000000e+00	-1.090000e-05
1.345000000000000e+00	5.000000e-01	1.345000e+00	-1.095000e-05	0.000000e+00	-5.100000e-13	1.095000e-05	0.000000e+00	-1.095000e-05
1.350000000000000e+00	5.000000e-01	1.350000e+00	-1.100000e-05	0.000000e+00	-5.100000e-13	1.100000e-05	0.000000e+00	-1.100000e-05
1.355000000000000e+00	5.000000e-01	1.355000e+00	-1.105000e-05	0.000000e+00	-5.100000e-13	1.105000e-05	0.000000e+00	-1.105000e-05
1.360000000000000e+00	5.000000e-01	1.360000e+00	-1.110000e-05	0.000000e+00	-5.100000e-13	1.110000e-05	0.000000e+00	-1.110000e-05
1.365000000000000e+00	5.000000e-01	1.365000e+00	-1.115000e-05	0.000000e+00	-5.100000e-13	1.115000e-05	0.000000e+00	-1.115000e-05
1.370000000000000e+00	5.000000e-01	1.370000e+00	-1.120000e-05	0.000000e+00	-5.100000e-13	1.120000e-05	0.000000e+00	-1.120000e-05
1.375000000000000e+00	5.000000e-01	1.375000e+00	-1.125000e-05	0.000000e+00	-5.100000e-13	1.125000e-05	0.000000e+00	-1.125000e-05
1.380000000000000e+00	5.000000e-01	1.380000e+00	-1.130000e-05	0.000000e+00	-5.100000e-13	1.130000e-05	0.000000e+00	-1.130000e-05
1.385000000000000e+00	5.000000e-01	1.385000e+00	-1.135000e-05	0.000000e+00	-5.100000e-13	1.135000e-05	0.000000e+00	-1.135000e-05
1.390000000000000e+00	5.000000e-01	1.390000e+00	-1.140000e-05	0.000000e+00	-5.100000e-13	1.140000e-05	0.000000e+00	-1.140000e-05
1.395000000000000e+00	5.000000e-01	1.395000e+00	-1.145000e-05	0.000000e+00	-5.100000e-13	1.145000e-05	0.000000e+00	-1.145000e-05
1.400000000000000e+00	5.000000e-01	1.400000e+00	-1.150000e-05	0.000000e+00	-5.100000e-13	1.150000e-05	0.000000e+00	-1.150000e-05
1.405000000000000e+00	5.000000e-01	1.405000e+00	-1.155000e-05	0.000000e+00	-5.100000e-13	1.155000e-05	0.000000e+00	-1.155000e-05
1.410000000000000e+00	5.000000e-01	1.410000e+00	-1.160000e-05	0.000000e+00	-5.100000e-13	1.160000e-05	0.000000e+00	-1.160000e-05
1.415000000000000e+00	5.000000e-01	1.415000e+00	-1.165000e-05	0.000000e+00	-5.100000e-13	1.165000e-05	0.000000e+00	-1.165000e-05
1.420000000000000e+00	5.000000e-01	1.420000e+00	-1.170000e-05	0.000000e+00	-5.100000e-13	1.170000e-05	0.000000e+00	-1.170000e-05
1.425000000000000e+00	5.000000e-01	1.425000e+00	-1.175000e-05	0.000000e+00	-5.100000e-13	1.175000e-05	0.000000e+00	-1.175000e-05
1.430000000000000e+00	5.000000e-01	1.430000e+00	-1.180000e-05	0.000000e+00	-5.100000e-13	1.180000e-05	0.000000e+00	-1.180000e-05
1.435000000000000e+00	5.000000e-01	1.435000e+00	-1.185000e-05	0.000000e+00	-5.100000e-13	1.185000e-05	0.000000e+00	-1.185000e-05
1.440000000000000e+00	5.000000e-01	1.440000e+00	-1.190000e-05	0.000000e+00	-5.100000e-13	1.190000e-05	0.000000e+00	-1.190000e-05
1.445000000000000e+00	5.000000e-01	1.445000e+00	-1.195000e-05	0.000000e+00	-5.100000e-13	1.195000e-05	0.000000e+00	-1.195000e-05
1.450000000000000e+00	5.000000e-01	1.450000e+00	-1.200000e-05	0.000000e+00	-5.100000e-13	1.200000e-05	0.000000e+00	-1.200000e-05
1.455000000000000e+00	5.000000e-01	1.455000e+00	-1.205000e-05	0.000000e+00	-5.100000e-13	1.205000e-05	0.000000e+00	-1.205000e-05
1.460000000000000e+00	5.000000e-01	1.460000e+00	-1.210000e-05	0.000000e+00	-5.100000e-13	1.210000e-05	0.000000e+00	-1.210000e-05
1.465000000000000e+00	5.000000e-01	1.465000e+00	-1.215000e-05	0.000000e+00	-5.100000e-13	1.215000e-05	0.000000e+00	-1.215000e-05
1.470000000000000e+00	5.000000e-01	1.470000e+00	-1.220000e-05	0.000000e+00	-5.100000e-13	1.220000e-05	0.000000e+00	-1.220000e-05
1.475000000000000e+00	5.000000e-01	1.475000e+00	-1.225000e-05	0.000000e+00	-5.100000e-13	1.225000e-05	0.000000e+00	-1.225000e-05
1.480000000000000e+00	5.000000e-01	1.480000e+00	-1.230000e-05	0.000000e+00	-5.100000e-13	1.230000e-05	0.000000e+00	-1.230000e-05
1.485000000000000e+00	5.000000e-01	1.485000e+00	-1.235000e-05	0.000000e+00	-5.100000e-13	1.235000e-05	0.000000e+00	-1.235000e-05
1.490000000000000e+00	5.000000e-01	1.490000e+00	-1.240000e-05	0.000000e+00	-5.100000e-13	1.240000e-05	0.000000e+00	-1.240000e-05
1.495000000000000e+00	5.000000e-01	1.495000e+00	-1.245000e-05	0.000000e+00	-5.100000e-13	1.245000e-05	0.000000e+00	-1.245000e-05
1.500000000000000e+00	5.000000e-01	1.500000e+00	-1.250000e-05	0.000000e+00	-5.100000e-13	1.250000e-05	0.000000e+00	-1.250000e-05
1.505000000000000e+00	5.000000e-01	1.505000e+00	-1.255000e-05	0.000000e+00	-5.100000e-13	1.255000e-05	0.000000e+00	-1.255000e-05
1.510000000000000e+00	5.000000e-01	1.510000e+00	-1.260000e-05	0.000000e+00	-5.100000e-13	1.260000e-05	0.000000e+00	-1.260000e-05
1.515000000000000e+00	5.000000e-01	1.515000e+00	-1.265000e-05	0.000000e+00	-5.100000e-13	1.265000e-05	0.000000e+00	-1.265000e-05
1.520000000000000e+00	5.000000e-01	1.520000e+00	-1.270000e-05	0.000000e+00	-5.100000e-13	1.270000e-05	0.000000e+00	-1.270000e-05
1.525000000000000e+00	5.000000e-01	1.525000e+00	-1.275000e-05	0.000000e+00	-5.100000e-13	1.275000e-05	0.000000e+00	-1.275000e-05
1.530000000000000e+00	5.000000e-01	1.530000e+00	-1.280000e-05	0.000000e+00	-5.100000e-13	1.280000e-05	0.000000e+00	-1.280000e-05
1.535000000000000e+00	5.000000e-01	1.535000e+00	-1.285000e-05	0.000000e+00	-5.100000e-13	1.285000e-05	0.000000e+00	-1.285000e-05
1.540000000000000e+00	5.000000e-01	1.540000e+00	-1.290000e-05	0.000000e+00	-5.100000e-13	1.290000e-05	0.000000e+00	-1.290000e-05
1.545000000000000e+00	5.000000e-01	1.545000e+00	-1.295000e-05	0.000000e+00	-5.100000e-13	1.295000e-05	0.000000e+00	-1.295000e-05
1.550000000000000e+00	5.000000e-01	1.550000e+00	-1.300000e-05	0.000000e+00	-5.100000e-13	1.300000e-05	0.000000e+00	-1.300000e-05
1.555000000000000e+00	5.000000e-01	1.555000e+00	-1.305000e-05	0.000000e+00	-5.100000e-13	1.305000e-05	0.000000e+00	-1.305000e-05
1.560000000000000e+00	5.000000e-01	1.560000e+00	-1.310000e-05	0.000000e+00	-5.100000e-13	1.310000e-05	0.000000e+00	-1.310000e-05
1.565000000000000e+00	5.000000e-01	1.565000e+00	-1.315000e-05	0.000000e+00	-5.100000e-13	1.315000e-05	0.000000e+00	-1.315000e-05
1.570000000000000e+00	5.000000e-01	1.570000e+00	-1.320000e-05	0.000000e+00	-5.100000e-13	1.320000e-05	0.000000e+00	-1.320000e-05
1.575000000000000e+00	5.000000e-01	1.575000e+00	-1.325000e-05	0.000000e+00	-5.100000e-13	1.325000e-05	0.000000e+00	-1.325000e-05
1.580000000000000e+00	5.000000e-01	1.580000e+00	-1.330000e-05	0.000000e+00	-5.100000e-13	1.330000e-05	0.000000e+00	-1.330000e-05
1.585000000000000e+00	5.000000e-01	1.585000e+00	-1.335000e-05	0.000000e+00	-5.100000e-13	1.335000e-05	0.000000e+00	-1.335000e-05
1.590000000000000e+00	5.000000e-01	1.590000e+00	-1.340000e-05	0.000000e+00	-5.100000e-13	1.340000e-05	0.000000e+00	-1.340000e-05
1.595000000000000e+00	5.000000e-01	1.595000e+00	-1.345000e-05	0.000000e+00	-5.100000e-13	1.345000e-05	0.000000e+00	-1.345000e-05
1.600000000000000e+00	5.000000e-01	1.600000e+00	-1.350000e-05	0.000000e+00	-5.100000e-13	1.350000e-05	0.000000e+00	-1.350000e-05
1.605000000000000e+00	5.000000e-01	1.605000e+00	-1.355000e-05	0.000000e+00	-5.100000e-13	1.355000e-05	0.000000e+00	-1.355000e-05
1.610000000000000e+00	5.000000e-01	1.610000e+00	-1.360000e-05	0.000000e+00	-5.100000e-13	1.360000e-05	0.000000e+00	-1.360000e-05
1.615000000000000e+00	5.000000e-01	1.615000e+00	-1.365000e-05	0.000000e+00	-5.100000e-13	1.365000e-05	0.000000e+00	-1.365000e-05
1.620000000000000e+00	5.000000e-01	1.620000e+00	-1.370000e-05	0.000000e+00	-5.100000e-13	1.370000e-05	0.000000e+00	-1.370000e-05
1.625000000000000e+00	5.000000e-01	1.625000e+00	-1.375000e-05	0.000000e+00	-5.100000e-13	1.375000e-05	0.000000e+00	-1.375000e-05
1.630000000000000e+00	5.000000e-01	1.630000e+00	-1.380000e-05	0.000000e+00	-5.100000e-13	1.380000e-05	0.000000e+00	-1.380000e-05
1.635000000000000e+00	5.000000e-01	1.635000e+00	-1.385000e-05	0.000000e+00	-5.100000e-13	1.385000e-05	0.000000e+00	-1.385000e-05
1.640000000000000e+00	5.000000e-01	1.640000e+00	-1.390000e-05	0.000000e+00	-5.100000e-13	1.390000e-05	0.000000e+00	-1.390000e-05
1.645000000000000e+00	5.000000e-01	1.645000e+00	-1.395000e-05	0.000000e+00	-5.100000e-13	1.395000e-05	0.000000e+00	-1.395000e-05
1.650000000000000e+00	5.000000e-01	1.650000e+00	-1.400000e-05	0.000000e+00	-5.100000e-13	1.400000e-05	0.000000e+00	-1.400000e-05
1.655000000000000e+00	5.000000e-01	1.655000e+00	-1.405000e-05	0.000000e+00	-5.100000e-13	1.405000e-05	0.000000e+00	-1.405000e-05
1.660000000000000e+00	5.000000e-01	1.660000e+00	-1.410000e-05	0.000000e+00	-5.100000e-13	1.410000e-05	0.000000e+00	-1.410000e-05
1.665000000000000e+00	5.000000e-01	1.665000e+00	-1.415000e-05	0.000000e+00	-5.100000e-13	1.415000e-05	0.000000e+00	-1.415000e-05
1.670000000000000e+00	5.000000e-01	1.670000e+00	-1.420000e-05	0.000000e+00	-5.100000e-13	1.420000e-05	0.000000e+00	-1.420000e-05
1.675000000000000e+00	5.000000e-01	1.675000e+00	-1.425000e-05	0.000000e+00	-5.100000e-13	1.425000e-05	0.000000e+00	-1.425000e-05
1.680000000000000e+00	5.000000e-01	1.680000e+00	-1.430000e-05	0.000000e+00	-5.100000e-13	1.430000e-05	0.000000e+00	-1.430000e-05
1.685000000000000e+00	5.000000e-01	1.685000e+00	-1.435000e-05	0.000000e+00	-5.100000e-13	1.435000e-05	0.000000e+00	-1.435000e-05
1.690000000000000e+00	5.000000e-01	1.690000e+00	-1.440000e-05	0.000000e+00	-5.100000e-13	1.440000e-05	0.000000e+00	-1.440000e-05
1.695000000000000e+00	5.000000e-01	1.695000e+00	-1.445000e-05	0.000000e+00	-5.100000e-13	1.445000e-05	0.000000e+00	-1.445000e-05
1.700000000000000e+00	5.000000e-01	1.700000e+00	-1.450000e-05	0.000000e+00	-5.100000e-13	1.450000e-05	0.000000e+00	-1.450000e-05
1.705000000000000e+00	5.000000e-01	1.705000e+00	-1.455000e-05	0.000000e+00	-5.100000e-13	1.455000e-05	0.000000e+00	-1.455000e-05
1.710000000000000e+00	5.000000e-01	1.710000e+00	-1.460000e-05	0.000000e+00	-5.100000e-13	1.460000e-05	0.000000e+00	-1.460000e-05
1.715000000000000e+00	5.000000e-01	1.715000e+00	-1.465000e-05	0.000000e+00	-5.100000e-13	1.465000e-05	0.000000e+00	-1.465000e-05
1.720000000000000e+00	5.000000e-01	1.720000e+00	-1.470000e-05	0.000000e+00	-5.100000e-13	1.470000e-05	0.000000e+00	-1.470000e-05
1.725000000000000e+00	5.000000e-01	1.725000e+00	-1.475000e-05	0.000000e+00	-5.100000e-13	1.475000e-05	0.000000e+00	-1.475000e-05
1.730000000000000e+00	5.000000e-01	1.730000e+00	-1.480000e-05	0.000000e+00	-5.100000e-13	1.480000e-05	0.000000e+00	-1.480000e-05
1.735000000000000e+00	5.000000e-01	1.735000e+00	-1.485000e-05	0.000000e+00	-5.100000e-13	1.485000e-05	0.000000e+00	-1.485000e-05
1.740000000000000e+00	5.000000e-01	1.740000e+00	-1.490000e-05	0.000000e+00	-5.100000e-13	1.490000e-05	0.000000e+00	-1.490000e-05
1.745000000000000e+00	5.000000e-01	1.745000e+00	-1.495000e-05	0.000000e+00	-5.100000e-13	1.495000e-05	0.000000e+00	-1.495000e-05
1.750000000000000e+00	5.000000e-01	1.750000e+00	-1.500000e-05	0.000000e+00	-5.100000e-13	1.500000e-05	0.000000e+00	-1.500000e-05
1.755000000000000e+00	5.000000e-01	1.755000e+00	-1.505000e-05	0.000000e+00	-5.100000e-13	1.505000e-05	0.000000e+00	-1.505000e-05
1.760000000000000e+00	5.000000e-01	1.760000e+00	-1.510000e-05	0.000000e+00	-5.100000e-13	1.510000e-05	0.000000e+00	-1.510000e-05
1.765000000000000e+00	5.000000e-01	1.765000e+00	-1.515000e-05	0.000000e+00	-5.100000e-13	1.515000e-05	0.000000e+00	-1.515000e-05
1.770000000000000e+00	5.000000e-01	1.770000e+00	-1.520000e-05	0.000000e+00	-5.100000e-13	1.520000e-05	0.000000e+00	-1.520000e-05
1.775000000000000e+00	5.000000e-01	1.775000e+00	-1.525000e-05	0.000000e+00	-5.100000e-13	1.525000e-05	0.000000e+00	-1.525000e-05
1.780000000000000e+00	5.000000e-01	1.780000e+00	-1.530000e-05	0.000000e+00	-5.100000e-13	1.530000e-05	0.000000e+00	-1.530000e-05
1.785000000000000e+00	5.000000e-01	1.785000e+00	-1.535000e-05	0.000000e+00	-5.100000e-13	1.535000e-05	0.000000e+00	-1.535000e-05
1.790000000000000e+00	5.000000e-01	1.790000e+00	-1.540000e-05	0.000000e+00	-5.100000e-13	1.540000e-05	0.000000e+00	-1.540000e-05
1.795000000000000e+00	5.000000e-01	1.795000e+00	-1.545000e-05	0.000000e+00	-5.100000e-13	1.545000e-05	0.000000e+00	-1.545000e-05
1.800000000000000e+00	5.000000e-01	1.800000e+00	-1.550000e-05	0.000000e+00	-5.100000e-13	1.550000e-05	0.000000e+00	-1.550000e-05
1.805000000000000e+00	5.000000e-01	1.805000e+00	-1.555000e-05	0.000000e+00	-5.100000e-13	1.555000e-05	0.000000e+00	-1.555000e-05
1.810000000000000e+00	5.000000e-01	1.810000e+00	-1.560000e-05	0.000000e+00	-5.100000e-13	1.560000e-05	0.000000e+00	-1.560000e-05
1.815000000000000e+00	5.000000e-01	1.815000e+00	-1.565000e-05	0.000000e+00	-5.100000e-13	1.565000e-05	0.000000e+00	-1.565000e-05
1.820000000000000e+00	5.000000e-01	1.820000e+00	-1.570000e-05	0.000000e+00	-5.100000e-13	1.570000e-05	0.000000e+00	-1.570000e-05
1.825000000000000e+00	5.000000e-01	1.825000e+00	-1.575000e-05	0.000000e+00	-5.100000e-13	1.575000e-05	0.000000e+00	-1.575000e-05
1.830000000000000e+00	5.000000e-01	1.830000e+00	-1.580000e-05	0.000000e+00	-5.100000e-13	1.580000e-05	0.000000e+00	-1.580000e-05
1.835000000000000e+00	5.000000e-01	1.835000e+00	-1.585000e-05	0.000000e+00	-5.100000e-13	1.585000e-05	0.000000e+00	-1.585000e-05
1.840000000000000e+00	5.000000e-01	1.840000e+00	-1.590000e-05	0.000000e+00	-5.100000e-13	1.590000e-05	0.000000e+00	-1.590000e-05
1.845000000000000e+00	5.000000e-01	1.845000e+00	-1.595000e-05	0.000000e+00	-5.100000e-13	1.595000e-05	0.000000e+00	-1.595000e-05
1.850000000000000e+00	5.000000e-01	1.850000e+00	-1.600000e-05	0.000000e+00	-5.100000e-13	1.600000e-05	0.000000e+00	-1.600000e-05
1.855000000000000e+00	5.000000e-01	1.855000e+00	-1.605000e-05	0.000000e+00	-5.100000e-13	1.605000e-05	0.000000e+00	-1.605000e-05
1.860000000000000e+00	5.000000e-01	1.860000e+00	-1.610000e-05	0.000000e+00	-5.100000e-13	1.610000e-05	0.000000e+00	-1.610000e-05
1.865000000000000e+00	5.000000e-01	1.865000e+00	-1.615000e-05	0.000000e+00	-5.100000e-13	1.615000e-05	0.000000e+00	-1.615000e-05
1.870000000000000e+00	5.000000e-01	1.870000e+00	-1.620000e-05	0.000000e+00	-5.100000e-13	1.620000e-05	0.000000e+00	-1.620000e-05
1.875000000000000e+00	5.000000e-01	1.875000e+00	-1.625000e-05	0.000000e+00	-5.100000e-13	1.625000e-05	0.000000e+00	-1.625000e-05
1.880000000000000e+00	5.000000e-01	1.880000e+00	-1.630000e-05	0.000000e+00	-5.100000e-13	1.630000e-05	0.000000e+00	-1.630000e-05
1.885000000000000e+00	5.000000e-01	1.885000e+00	-1.635000e-05	0.000000e+00	-5.100000e-13	1.635000e-05	0.000000e+00	-1.635000e-05
1.890000000000000e+00	5.000000e-01	1.890000e+00	-1.640000e-05	0.000000e+00	-5.100000e-13	1.640000e-05	0.000000e+00	-1.640000e-05
1.895000000000000e+00	5.000000e-01	1.895000e+00	-1.645000e-05	0.000000e+00	-5.100000e-13	1.645000e-05	0.000000e+00	-1.645000e-05
1.900000000000000e+00	5.000000e-01	1.900000e+00	-1.650000e-05	0.000000e+00	-5.100000e-13	1.650000e-05	0.000000e+00	-1.650000e-05
1.905000000000000e+00	5.000000e-01	1.905000e+00	-1.655000e-05	0.000000e+00	-5.100000e-13	1.655000e-05	0.000000e+00	-1.655000e-05
1.910000000000000e+00	5.000000e-01	1.910000e+00	-1.660000e-05	0.000000e+00	-5.100000e-13	1.660000e-05	0.000000e+00	-1.660000e-05
1.915000000000000e+00	5.000000e-01	1.915000e+00	-1.665000e-05	0.000000e+00	-5.100000e-13	1.665000e-05	0.000000e+00	-1.665000e-05
1.920000000000000e+00	5.000000e-01	1.920000e+00	-1.670000e-05	0.000000e+00	-5.100000e-13	1.670000e-05	0.000000e+00	-1.670000e-05
1.925000000000000e+00	5.000000e-01	1.925000e+00	-1.675000e-05	0.000000e+00	-5.100000e-13	1.675000e-05	0.000000e+00	-1.675000e-05
1.930000000000000e+00	5.000000e-01	1.930000e+00	-1.680000e-05	0.000000e+00	-5.100000e-13	1.680000e-05	0.000000e+00	-1.680000e-05
1.935000000000000e+00	5.000000e-01	1.935000e+00	-1.685000e-05	0.000000e+00	-5.100000e-13	1.685000e-05	0.000000e+00	-1.685000e-05
1.940000000000000e+00	5.000000e-01	1.940000e+00	-1.690000e-05	0.000000e+00	-5.100000e-13	1.690000e-05	0.000000e+00	-1.690000e-05
1.945000000000000e+00	5.000000e-01	1.945000e+00	-1.695000e-05	0.000000e+00	-5.100000e-13	1.695000e-05	0.000000e+00	-1.695000e-05
1.950000000000000e+00	5.000000e-01	1.950000e+00	-1.700000e-05	0.000000e+00	-5.100000e-13	1.700000e-05	0.000000e+00	-1.700000e-05
1.955000000000000e+00	5.000000e-01	1.955000e+00	-1.705000e-05	0.000000e+00	-5.100000e-13	1.705000e-05	0.000000e+00	-1.705000e-05
1.960000000000000e+00	5.000000e-01	1.960000e+00	-1.710000e-05	0.000000e+00	-5.100000e-13	1.710000e-05	0.000000e+00	-1.710000e-05
1.965000000000000e+00	5.000000e-01	1.965000e+00	-1.715000e-05	0.000000e+00	-5.100000e-13	1.715000e-05	0.000000e+00	-1.715000e-05
1.970000000000000e+00	5.000000e-01	1.970000e+00	-1.720000e-05	0.000000e+00	-5.100000e-13	1.720000e-05	0.000000e+00	-1.720000e-05
1.975000000000000e+00	5.000000e-01	1.975000e+00	-1.725000e-05	0.000000e+00	-5.100000e-13	1.725000e-05	0.000000e+00	-1.725000e-05
1.980000000000000e+00	5.000000e-01	1.980000e+00	-1.730000e-05	0.000000e+00	-5.100000e-13	1.730000e-05	0.000000e+00	-1.730000e-05
1.985000000000000e+00	5.000000e-01	1.985000e+00	-1.735000e-05	0.000000e+00	-5.100000e-13	1.735000e-05	0.000000e+00	-1.735000e-05
1.990000000000000e+00	5.000000e-01	1.990000e+00	-1.740000e-05	0.000000e+00	-5.100000e-13	1.740000e-05	0.000000e+00	-1.740000e-05
1.995000000000000e+00	5.000000e-01	1.995000e+00	-1.745000e-05	0.000000e+00	-5.100000e-13	1.745000e-05	0.000000e+00	-1.745000e-05
2.000000000000000e+00	5.000000e-01	2.000000e+00	-1.750000e-05	0.000000e+00	-5.100000e-13	1.750000e-05	0.000000e+00	-1.750000e-05
2.005000000000000e+00	5.000000e-01	2.005000e+00	-1.755000e-05	0.000000e+00	-5.100000e-13	1.755000e-05	0.000000e+00	-1.755000e-05
2.010000000000000e+00	5.000000e-01	2.010000e+00	-1.760000e-05	0.000000e+00	-5.100000e-13	1.760000e-05	0.000000e+00	-1.760000e-05
2.015000000000000e+00	5.000000e-01	2.015000e+00	-1.765000e-05	0.000000e+00	-5.100000e-13	1.765000e-05	0.000000e+00	-1.765000e-05
2.020000000000000e+00	5.000000e-01	2.020000e+00	-1.770000e-05	0.000000e+00	-5.100000e-13	1.770000e-05	0.000000e+00	-1.770000e-05
2.025000000000000e+00	5.000000e-01	2.025000e+00	-1.775000e-05	0.000000e+00	-5.100000e-13	1.775000e-05	0.000000e+00	-1.775000e-05
2.030000000000000e+00	5.000000e-01	2.030000e+00	-1.780000e-05	0.000000e+00	-5.100000e-13	1.780000e-05	0.000000e+00	-1.780000e-05
2.035000000000000e+00	5.000000e-01	2.035000e+00	-1.785000e-05	0.000000e+00	-5.100000e-13	1.785000e-05	0.000000e+00	-1.785000e-05
2.040000000000000e+00	5.000000e-01	2.040000e+00	-1.790000e-05	0.000000e+00	-5.100000e-13	1.790000e-05	0.000000e+00	-1.790000e-05
2.045000000000000e+00	5.000000e-01	2.045000e+00	-1.795000e-05	0.000000e+00	-5.100000e-13	1.795000e-05	0.000000e+00	-1.795000e-05
2.050000000000000e+00	5.000000e-01	2.050000e+00	-1.800000e-05	0.000000e+00	-5.100000e-13	1.800000e-05	0.000000e+00	-1.800000e-05
2.055000000000000e+00	5.000000e-01	2.055000e+00	-1.805000e-05	0.000000e+00	-5.100000e-13	1.805000e-05	0.000000e+00	-1.805000e-05
2.060000000000000e+00	5.000000e-01	2.060000e+00	-1.810000e-05	0.000000e+00	-5.100000e-13	1.810000e-05	0.000000e+00	-1.810000e-05
2.065000000000000e+00	5.000000e-01	2.065000e+00	-1.815000e-05	0.000000e+00	-5.100000e-13	1.815000e-05	0.000000e+00	-1.815000e-05
2.070000000000000e+00	5.000000e-01	2.070000e+00	-1.820000e-05	0.000000e+00	-5.100000e-13	1.820000e-05	0.000000e+00	-1.820000e-05
2.075000000000000e+00	5.000000e-01	2.075000e+00	-1.825000e-05	0.000000e+00	-5.100000e-13	1.825000e-05	0.000000e+00	-1.825000e-05
2.080000000000000e+00	5.000000e-01	2.080000e+00	-1.830000e-05	0.000000e+00	-5.100000e-13	1.830000e-05	0.000000e+00	-1.830000e-05
2.085000000000000e+00	5.000000e-01	2.085000e+00	-1.835000e-05	0.000000e+00	-5.100000e-13	1.835000e-05	0.000000e+00	-1.835000e-05
2.090000000000000e+00	5.000000e-01	2.090000e+00	-1.840000e-05	0.000000e+00	-5.100000e-13	1.840000e-05	0.000000e+00	-1.840000e-05
2.095000000000000e+00	5.000000e-01	2.095000e+00	-1.845000e-05	0.000000e+00	-5.100000e-13	1.845000e-05	0.000000e+00	-1.845000e-05
2.100000000000000e+00	5.000000e-01	2.100000e+00	-1.850000e-05	0.000000e+00	-5.100000e-13	1.850000e-05	0.000000e+00	-1.850000e-05
2.105000000000000e+00	5.000000e-01	2.105000e+00	-1.855000e-05	0.000000e+00	-5.100000e-13	1.855000e-05	0.000000e+00	-1.855000e-05
2.110000000000000e+00	5.000000e-01	2.110000e+00	-1.860000e-05	0.000000e+00	-5.100000e-13	1.860000e-05	0.000000e+00	-1.860000e-05
2.115000000000000e+00	5.000000e-01	2.115000e+00	-1.865000e-05	0.000000e+00	-5.100000e-13	1.865000e-05	0.000000e+00	-1.865000e-05
2.120000000000000e+00	5.000000e-01	2.120000e+00	-1.870000e-05	0.000000e+00	-5.100000e-13	1.870000e-05	0.000000e+00	-1.870000e-05
2.125000000000000e+00	5.000000e-01	2.125000e+00	-1.875000e-05	0.000000e+00	-5.100000e-13	1.875000e-05	0.000000e+00	-1.875000e-05
2.130000000000000e+00	5.000000e-01	2.130000e+00	-1.880000e-05	0.000000e+00	-5.100000e-13	1.880000e-05	0.000000e+00	-1.880000e-05
2.135000000000000e+00	5.000000e-01	2.135000e+00	-1.885000e-05	0.000000e+00	-5.100000e-13	1.885000e-05	0.000000e+00	-1.885000e-05
2.140000000000000e+00	5.000000e-01	2.140000e+00	-1.890000e-05	0.000000e+00	-5.100000e-13	1.890000e-05	0.000000e+00	-1.890000e-05
2.145000000000000e+00	5.000000e-01	2.145000e+00	-1.895000e-05	0.000000e+00	-5.100000e-13	1.895000e-05	0.000000e+00	-1.895000e-05
2.150000000000000e+00	5.000000e-01	2.150000e+00	-1.900000e-05	0.000000e+00	-5.100000e-13	1.900000e-05	0.000000e+00	-1.900000e-05
2.155000000000000e+00	5.000000e-01	2.155000e+00	-1.905000e-05	0.000000e+00	-5.100000e-13	1.905000e-05	0.000000e+00	-1.905000e-05
2.160000000000000e+00	5.000000e-01	2.160000e+00	-1.910000e-05	0.000000e+00	-5.100000e-13	1.910000e-05	0.000000e+00	-1.910000e-05
2.165000000000000e+00	5.000000e-01	2.165000e+00	-1.915000e-05	0.000000e+00	-5.100000e-13	1.915000e-05	0.000000e+00	-1.915000e-05
2.170000000000000e+00	5.000000e-01	2.170000e+00	-1.920000e-05	0.000000e+00	-5.100000e-13	1.920000e-05	0.000000e+00	-1.920000e-05
2.175000000000000e+00	5.000000e-01	2.175000e+00	-1.925000e-05	0.000000e+00	-5.100000e-13	1.925000e-05	0.000000e+00	-1.925000e-05
2.180000000000000e+00	5.000000e-01	2.180000e+00	-1.930000e-05	0.000000e+00	-5.100000e-13	1.930000e-05	0.000000e+00	-1.930000e-05
2.185000000000000e+00	5.000000e-01	2.185000e+00	-1.935000e-05	0.000000e+00	-5.100000e-13	1.935000e-05	0.000000e+00	-1.935000e-05
2.190000000000000e+00	5.000000e-01	2.190000e+00	-1.940000e-05	0.000000e+00	-5.100000e-13	1.940000e-05	0.000000e+00	-1.940000e-05
2.195000000000000e+00	5.000000e-01	2.195000e+00	-1.945000e-05	0.000000e+00	-5.100000e-13	1.945000e-05	0.000000e+00	-1.945000e-05
2.200000000000000e+00	5.000000e-01	2.200000e+00	-1.950000e-05	0.000000e+00	-5.100000e-13	1.950000e-05	0.000000e+00	-1.950000e-05
2.205000000000000e+00	5.000000e-01	2.205000e+00	-1.955000e-05	0.000000e+00	-5.100000e-13	1.955000e-05	0.000000e+00	-1.955000e-05
2.210000000000000e+00	5.000000e-01	2.210000e+00	-1.960000e-05	0.000000e+00	-5.100000e-13	1.960000e-05	0.000000e+00	-1.960000e-05
2.215000000000000e+00	5.000000e-01	2.215000e+00	-1.965000e-05	0.000000e+00	-5.100000e-13	1.965000e-05	0.000000e+00	-1.965000e-05
2.220000000000000e+00	5.000000e-01	2.220000e+00	-1.970000e-05	0.000000e+00	-5.100000e-13	1.970000e-05	0.000000e+00	-1.970000e-05
2.225000000000000e+00	5.000000e-01	2.225000e+00	-1.975000e-05	0.000000e+00	-5.100000e-13	1.975000e-05	0.000000e+00	-1.975000e-05
2.230000000000000e+00	5.000000e-01	2.230000e+00	-1.980000e-05	0.000000e+00	-5.100000e-13	1.980000e-05	0.000000e+00	-1.980000e-05
2.235000000000000e+00	5.000000e-01	2.235000e+00	-1.985000e-05	0.000000e+00	-5.100000e-13	1.985000e-05	0.000000e+00	-1.985000e-05
2.240000000000000e+00	5.000000e-01	2.240000e+00	-1.990000e-05	0.000000e+00	-5.100000e-13	1.990000e-05	0.000000e+00	-1.990000e-05
2.245000000000000e+00	5.000000e-01	2.245000e+00	-1.995000e-05	0.000000e+00	-5.100000e-13	1.995000e-05	0.000000e+00	-1.995000e-05
2.250000000000000e+00	5.000000e-01	2.250000e+00	-2.000000e-05	0.000000e+00	-5.100000e-13	2.000000e-05	0.000000e+00	-2.000000e-05
2.255000000000000e+00	5.000000e-01	2.255000e+00	-2.005000e-05	0.000000e+00	-5.100000e-13	2.005000e-05	0.000000e+00	-2.005000e-05
2.260000000000000e+00	5.000000e-01	2.260000e+00	-2.010000e-05	0.000000e+00	-5.100000e-13	2.010000e-05	0.000000e+00	-2.010000e-05
2.265000000000000e+00	5.000000e-01	2.265000e+00	-2.015000e-05	0.000000e+00	-5.100000e-13	2.015000e-05	0.000000e+00	-2.015000e-05
2.270000000000000e+00	5.000000e-01	2.270000e+00	-2.020000e-05	0.000000e+00	-5.100000e-13	2.020000e-05	0.000000e+00	-2.020000e-05
2.275000000000000e+00	5.000000e-01	2.275000e+00	-2.025000e-05	0.000000e+00	-5.100000e-13	2.025000e-05	0.000000e+00	-2.025000e-05
2.280000000000000e+00	5.000000e-01	2.280000e+00	-2.030000e-05	0.000000e+00	-5.100000e-13	2.030000e-05	0.000000e+00	-2.030000e-05
2.285000000000000e+00	5.000000e-01	2.285000e+00	-2.035000e-05	0.000000e+00	-5.100000e-13	2.035000e-05	0.000000e+00	-2.035000e-05
2.290000000000000e+00	5.000000e-01	2.290000e+00	-2.040000e-05	0.000000e+00	-5.100000e-13	2.040000e-05	0.000000e+00	-2.040000e-05
2.295000000000000e+00	5.000000e-01	2.295000e+00	-2.045000e-05	0.000000e+00	-5.100000e-13	2.045000e-05	0.000000e+00	-2.045000e-05
2.300000000000000e+00	5.000000e-01	2.300000e+00	-2.050000e-05	0.000000e+00	-5.100000e-13	2.050000e-05	0.000000e+00	-2.050000e-05
2.305000000000000e+00	5.000000e-01	2.305000e+00	-2.055000e-05	0.000000e+00	-5.100000e-13	2.055000e-05	0.000000e+00	-2.055000e-05
2.310000000000000e+00	5.000000e-01	2.310000e+00	-2.060000e-05	0.000000e+00	-5.100000e-13	2.060000e-05	0.000000e+00	-2.060000e-05
2.315000000000000e+00	5.000000e-01	2.315000e+00	-2.065000e-05	0.000000e+00	-5.100000e-13	2.065000e-05	0.000000e+00	-2.065000e-05
2.320000000000000e+00	5.000000e-01	2.320000e+00	-2.070000e-05	0.000000e+00	-5.100000e-13	2.070000e-05	0.000000e+00	-2.070000e-05
2.325000000000000e+00	5.000000e-01	2.325000e+00	-2.075000e-05	0.000000e+00	-5.100000e-13	2.075000e-05	0.000000e+00	-2.075000e-05
2.330000000000000e+00	5.000000e-01	2.330000e+00	-2.080000e-05	0.000000e+00	-5.100000e-13	2.080000e-05	0.000000e+00	-2.080000e-05
2.335000000000000e+00	5.000000e-01	2.335000e+00	-2.085000e-05	0.000000e+00	-5.100000e-13	2.085000e-05	0.000000e+00	-2.085000e-05
2.340000000000000e+00	5.000000e-01	2.340000e+00	-2.090000e-05	0.000000e+00	-5.100000e-13	2.090000e-05	0.000000e+00	-2.090000e-05
2.345000000000000e+00	5.000000e-01	2.345000e+00	-2.095000e-05	0.000000e+00	-5.100000e-13	2.095000e-05	0.000000e+00	-2.095000e-05
2.350000000000000e+00	5.000000e-01	2.350000e+00	-2.100000e-05	0.000000e+00	-5.100000e-13	2.100000e-05	0.000000e+00	-2.100000e-05
2.355000000000000e+00	5.000000e-01	2.355000e+00	-2.105000e-05	0.000000e+00	-5.100000e-13	2.105000e-05	0.000000e+00	-2.105000e-05
2.360000000000000e+00	5.000000e-01	2.360000e+00	-2.110000e-05	0.000000e+00	-5.100000e-13	2.110000e-05	0.000000e+00	-2.110000e-05
2.365000000000000e+00	5.000000e-01	2.365000e+00	-2.115000e-05	0.000000e+00	-5.100000e-13	2.115000e-05	0.000000e+00	-2.115000e-05
2.370000000000000e+00	5.000000e-01	2.370000e+00	-2.120000e-05	0.000000e+00	-5.100000e-13	2.120000e-05	0.000000e+00	-2.120000e-05
2.375000000000000e+00	5.000000e-01	2.375000e+00	-2.125000e-05	0.000000e+00	-5.100000e-13	2.125000e-05	0.000000e+00	-2.125000e-05
2.380000000000000e+00	5.000000e-01	2.380000e+00	-2.130000e-05	0.000000e+00	-5.100000e-13	2.130000e-05	0.000000e+00	-2.130000e-05
2.385000000000000e+00	5.000000e-01	2.385000e+00	-2.135000e-05	0.000000e+00	-5.100000e-13	2.135000e-05	0.000000e+00	-2.135000e-05
2.390000000000000e+00	5.000000e-01	2.390000e+00	-2.140000e-05	0.000000e+00	-5.100000e-13	2.140000e-05	0.000000e+00	-2.140000e-05
2.395000000000000e+00	5.000000e-01	2.395000e+00	-2.145000e-05	0.000000e+00	-5.100000e-13	2.145000e-05	0.000000e+00	-2.145000e-05
2.400000000000000e+00	5.000000e-01	2.400000e+00	-2.150000e-05	0.000000e+00	-5.100000e-13	2.150000e-05	0.000000e+00	-2.150000e-05
2.405000000000000e+00	5.000000e-01	2.405000e+00	-2.155000e-05	0.000000e+00	-5.100000e-13	2.155000e-05	0.000000e+00	-2.155000e-05
2.410000000000000e+00	5.000000e-01	2.410000e+00	-2.160000e-05	0.000000e+00	-5.100000e-13	2.160000e-05	0.000000e+00	-2.160000e-05
2.415000000000000e+00	5.000000e-01	2.415000e+00	-2.165000e-05	0.000000e+00	-5.100000e-13	2.165000e-05	0.000000e+00	-2.165000e-05
2.420000000000000e+00	5.000000e-01	2.420000e+00	-2.170000e-05	0.000000e+00	-5.100000e-13	2.170000e-05	0.000000e+00	-2.170000e-05
2.425000000000000e+00	5.000000e-01	2.425000e+00	-2.175000e-05	0.000000e+00	-5.100000e-13	2.175000e-05	0.000000e+00	-2.175000e-05
2.430000000000000e+00	5.000000e-01	2.430000e+00	-2.180000e-05	0.000000e+00	-5.100000e-13	2.180000e-05	0.000000e+00	-2.180000e-05
2.435000000000000e+00	5.000000e-01	2.435000e+00	-2.185000e-05	0.000000e+00	-5.100000e-13	2.185000e-05	0.000000e+00	-2.185000e-05
2.440000000000000e+00	5.000000e-01	2.440000e+00	-2.190000e-05	0.000000e+00	-5.100000e-13	2.190000e-05	0.000000e+00	-2.190000e-05
2.445000000000000e+00	5.000000e-01	2.445000e+00	-2.195000e-05	0.000000e+00	-5.100000e-13	2.195000e-05	0.000000e+00	-2.195000e-05
2.450000000000000e+00	5.000000e-01	2.450000e+00	-2.200000e-05	0.000000e+00	-5.100000e-13	2.200000e-05	0.000000e+00	-2.200000e-05
2.455000000000000e+00	5.000000e-01	2.455000e+00	-2.205000e-05	0.000000e+00	-5.100000e-13	2.205000e-05	0.000000e+00	-2.205000e-05
2.460000000000000e+00	5.000000e-01	2.460000e+00	-2.210000e-05	0.000000e+00	-5.100000e-13	2.210000e-05	0.000000e+00	-2.210000e-05
2.465000000000000e+00	5.000000e-01	2.465000e+00	-2.215000e-05	0.000000e+00	-5.100000e-13	2.215000e-05	0.000000e+00	-2.215000e-05
2.470000000000000e+00	5.000000e-01	2.470000e+00	-2.220000e-05	0.000000e+00	-5.100000e-13	2.220000e-05	0.000000e+00	-2.220000e-05
2.475000000000000e+00	5.000000e-01	2.475000e+00	-2.225000e-05	0.000000e+00	-5.100000e-13	2.225000e-05	0.000000e+00	-2.225000e-05
2.480000000000000e+00	5.000000e-01	2.480000e+00	-2.230000e-05	0.000000e+00	-5.100000e-13	2.230000e-05	0.000000e+00	-2.230000e-05
2.485000000000000e+00	5.000000e-01	2.485000e+00	-2.235000e-05	0.000000e+00	-5.100000e-13	2.235000e-05	0.000000e+00	-2.235000e-05
2.490000000000000e+00	5.000000e-01	2.490000e+00	-2.240000e-05	0.000000e+00	-5.100000e-13	2.240000e-05	0.000000e+00	-2.240000e-05
2.495000000000000e+00	5.000000e-01	2.495000e+00	-2.245000e-05	0.000000e+00	-5.100000e-13	2.245000e-05	0.000000e+00	-2.245000e-05
2.500000000000000e+00	5.000000e-01	2.500000e+00	-2.250000e-05	0.000000e+00	-5.100000e-13	2.250000e-05	0.000000e+00	-2.250000e-05
2.505000000000000e+00	5.000000e-01	2.505000e+00	-2.255000e-05	0.000000e+00	-5.100000e-13	2.255000e-05	0.000000e+00	-2.255000e-05
2.510000000000000e+00	5.000000e-01	2.510000e+00	-2.260000e-05	0.000000e+00	-5.100000e-13	2.260000e-05	0.000000e+00	-2.260000e-05
2.515000000000000e+00	5.000000e-01	2.515000e+00	-2.265000e-05	0.000000e+00	-5.100000e-13	2.265000e-05	0.000000e+00	-2.265000e-05
2.520000000000000e+00	5.000000e-01	2.520000e+00	-2.270000e-05	0.000000e+00	-5.100000e-13	2.270000e-05	0.000000e+00	-2.270000e-05
2.525000000000000e+00	5.000000e-01	2.525000e+00	-2.275000e-05	0.000000e+00	-5.100000e-13	2.275000e-05	0.000000e+00	-2.275000e-05
2.530000000000000e+00	5.000000e-01	2.530000e+00	-2.280000e-05	0.000000e+00	-5.100000e-13	2.280000e-05	0.000000e+00	-2.280000e-05
2.535000000000000e+00	5.000000e-01	2.535000e+00	-2.285000e-05	0.000000e+00	-5.100000e-13	2.285000e-05	0.000000e+00	-2.285000e-05
2.540000000000000e+00	5.000000e-01	2.540000e+00	-2.290000e-05	0.000000e+00	-5.100000e-13	2.290000e-05	0.000000e+00	-2.290000e-05
2.545000000000000e+00	5.000000e-01	2.545000e+00	-2.295000e-05	0.000000e+00	-5.100000e-13	2.295000e-05	0.000000e+00	-2.295000e-05
2.550000000000000e+00	5.000000e-01	2.550000e+00	-2.300000e-05	0.000000e+00	-5.100000e-13	2.300000e-05	0.000000e+00	-2.300000e-05
2.555000000000000e+00	5.000000e-01	2.555000e+00	-2.305000e-05	0.000000e+00	-5.100000e-13	2.305000e-05	0.000000e+00	-2.305000e-05
2.560000000000000e+00	5.000000e-01	2.560000e+00	-2.310000e-05	0.000000e+00	-5.100000e-13	2.310000e-05	0.000000e+00	-2.310000e-05
2.565000000000000e+00	5.000000e-01	2.565000e+00	-2.315000e-05	0.000000e+00	-5.100000e-13	2.315000e-05	0.000000e+00	-2.315000e-05
2.570000000000000e+00	5.000000e-01	2.570000e+00	-2.320000e-05	0.000000e+00	-5.100000e-13	2.320000e-05	0.000000e+00	-2.320000e-05
2.575000000000000e+00	5.000000e-01	2.575000e+00	-2.325000e-05	0.000000e+00	-5.100000e-13	2.325000e-05	0.000000e+00	-2.325000e-05
2.580000000000000e+00	5.000000e-01	2.580000e+00	-2.330000e-05	0.000000e+00	-5.100000e-13	2.330000e-05	0.000000e+00	-2.330000e-05
2.585000000000000e+00	5.000000e-01	2.585000e+00	-2.335000e-05	0.000000e+00	-5.100000e-13	2.335000e-05	0.000000e+00	-2.335000e-05
2.590000000000000e+00	5.000000e-01	2.590000e+00	-2.340000e-05	0.000000e+00	-5.100000e-13	2.340000e-05	0.000000e+00	-2.340000e-05
2.595000000000000e+00	5.000000e-01	2.595000e+00	-2.345000e-05	0.000000e+00	-5.100000e-13	2.345000e-05	0.000000e+00	-2.345000e-05
2.600000000000000e+00	5.000000e-01	2.600000e+00	-2.350000e-05	0.000000e+00	-5.100000e-13	2.350000e-05	0.000000e+00	-2.350000e-05
2.605000000000000e+00	5.000000e-01	2.605000e+00	-2.355000e-05	0.000000e+00	-5.100000e-13	2.355000e-05	0.000000e+00	-2.355000e-05
2.610000000000000e+00	5.000000e-01	2.610000e+00	-2.360000e-05	0.000000e+00	-5.100000e-13	2.360000e-05	0.000000e+00	-2.360000e-05
2.615000000000000e+00	5.000000e-01	2.615000e+00	-2.365000e-05	0.000000e+00	-5.100000e-13	2.365000e-05	0.000000e+00	-2.365000e-05
2.620000000000000e+00	5.000000e-01	2.620000e+00	-2.370000e-05	0.000000e+00	-5.100000e-13	2.370000e-05	0.000000e+00	-2.370000e-05
2.625000000000000e+00	5.000000e-01	2.625000e+00	-2.375000e-05	0.000000e+00	-5.100000e-13	2.375000e-05	0.000000e+00	-2.375000e-05
2.630000000000000e+00	5.000000e-01	2.630000e+00	-2.380000e-05	0.000000e+00	-5.100000e-13	2.380000e-05	0.000000e+00	-2.380000e-05
2.635000000000000e+00	5.000000e-01	2.635000e+00	-2.385000e-05	0.000000e+00	-5.100000e-13	2.385000e-05	0.000000e+00	-2.385000e-05
2.640000000000000e+00	5.000000e-01	2.640000e+00	-2.390000e-05	0.000000e+00	-5.100000e-13	2.390000e-05	0.000000e+00	-2.390000e-05
2.645000000000000e+00	5.000000e-01	2.645000e+00	-2.395000e-05	0.000000e+00	-5.100000e-13	2.395000e-05	0.000000e+00	-2.395000e-05
2.650000000000000e+00	5.000000e-01	2.650000e+00	-2.400000e-05	0.000000e+00	-5.100000e-13	2.400000e-05	0.000000e+00	-2.400000e-05
2.655000000000000e+00	5.000000e-01	2.655000e+00	-2.405000e-05	0.000000e+00	-5.100000e-13	2.405000e-05	0.000000e+00	-2.405000e-05
2.660000000000000e+00	5.000000e-01	2.660000e+00	-2.410000e-05	0.000000e+00	-5.100000e-13	2.410000e-05	0.000000e+00	-2.410000e-05
2.665000000000000e+00	5.000000e-01	2.665000e+00	-2.415000e-05	0.000000e+00	-5.100000e-13	2.415000e-05	0.000000e+00	-2.415000e-05
2.670000000000000e+00	5.000000e-01	2.670000e+00	-2.420000e-05	0.000000e+00	-5.100000e-13	2.420000e-05	0.000000e+00	-2.420000e-05
2.675000000000000e+00	5.000000e-01	2.675000e+00	-2.425000e-05	0.000000e+00	-5.100000e-13	2.425000e-05	0.000000e+00	-2.425000e-05
2.680000000000000e+00	5.000000e-01	2.680000e+00	-2.430000e-05	0.000000e+00	-5.100000e-13	2.430000e-05	0.000000e+00	-2.430000e-05
2.685000000000000e+00	5.000000e-01	2.685000e+00	-2.435000e-05	0.000000e+00	-5.100000e-13	2.435000e-05	0.000000e+00	-2.435000e-05
2.690000000000000e+00	5.000000e-01	2.690000e+00	-2.440000e-05	0.000000e+00	-5.100000e-13	2.440000e-05	0.000000e+00	-2.440000e-05
2.695000000000000e+00	5.000000e-01	2.695000e+00	-2.445000e-05	0.000000e+00	-5.100000e-13	2.445000e-05	0.000000e+00	-2.445000e-05
2.700000000000000e+00	5.000000e-01	2.700000e+00	-2.450000e-05	0.000000e+00	-5.100000e-13	2.450000e-05	0.000000e+00	-2.450000e-05
2.705000000000000e+00	5.000000e-01	2.705000e+00	-2.455000e-05	0.000000e+00	-5.100000e-13	2.455000e-05	0.000000e+00	-2.455000e-05
2.710000000000000e+00	5.000000e-01	2.710000e+00	-2.460000e-05	0.000000e+00	-5.100000e-13	2.460000e-05	0.000000e+00	-2.460000e-05
2.715000000000000e+00	5.000000e-01	2.715000e+00	-2.465000e-05	0.000000e+00	-5.100000e-13	2.465000e-05	0.000000e+00	-2.465000e-05
2.720000000000000e+00	5.000000e-01	2.720000e+00	-2.470000e-05	0.000000e+00	-5.100000e-13	2.470000e-05	0.000000e+00	-2.470000e-05
2.725000000000000e+00	5.000000e-01	2.725000e+00	-2.475000e-05	0.000000e+00	-5.100000e-13	2.475000e-05	0.000000e+00	-2.475000e-05
2.730000000000000e+00	5.000000e-01	2.730000e+00	-2.480000e-05	0.000000e+00	-5.100000e-13	2.480000e-05	0.000000e+00	-2.480000e-05
2.735000000000000e+00	5.000000e-01	2.735000e+00	-2.485000e-05	0.000000e+00	-5.100000e-13	2.485000e-05	0.000000e+00	-2.485000e-05
2.740000000000000e+00	5.000000e-01	2.740000e+00	-2.490000e-05	0.000000e+00	-5.100000e-13	2.490000e-05	0.000000e+00	-2.490000e-05
2.745000000000000e+00	5.000000e-01	2.745000e+00	-2.495000e-05	0.000000e+00	-5.100000e-13	2.495000e-05	0.000000e+00	-2.495000e-05
2.750000000000000e+00	5.000000e-01	2.750000e+00	-2.500000e-05	0.000000e+00	-5.100000e-13	2.500000e-05	0.000000e+00	-2.500000e-05
2.755000000000000e+00	5.000000e-01	2.755000e+00	-2.505000e-05	0.000000e+00	-5.100000e-13	2.505000e-05	0.000000e+00	-2.505000e-05
2.760000000000000e+00	5.000000e-01	2.760000e+00	-2.510000e-05	0.000000e+00	-5.100000e-13	2.510000e-05	0.000000e+00	-2.510000e-05
2.765000000000000e+00	5.000000e-01	2.765000e+00	-2.515000e-05	0.000000e+00	-5.100000e-13	2.515000e-05	0.000000e+00	-2.515000e-05
2.770000000000000e+00	5.000000e-01	2.770000e+00	-2.520000e-05	0.000000e+00	-5.100000e-13	2.520000e-05	0.000000e+00	-2.520000e-05
2.775000000000000e+00	5.000000e-01	2.775000e+00	-2.525000e-05	0.000000e+00	-5.100000e-13	2.525000e-05	0.000000e+00	-2.525000e-05
2.780000000000000e+00	5.000000e-01	2.780000e+00	-2.530000e-05	0.000000e+00	-5.100000e-13	2.530000e-05	0.000000e+00	-2.530000e-05
2.785000000000000e+00	5.000000e-01	2.785000e+00	-2.535000e-05	0.000000e+00	-5.100000e-13	2.535000e-05	0.000000e+00	-2.535000e-05
2.790000000000000e+00	5.000000e-01	2.790000e+00	-2.540000e-05	0.000000e+00	-5.100000e-13	2.540000e-05	0.000000e+00	-2.540000e-05
2.795000000000000e+00	5.000000e-01	2.795000e+00	-2.545000e-05	0.000000e+00	-5.100000e-13	2.545000e-05	0.000000e+00	-2.545000e-05
2.800000000000000e+00	5.000000e-01	2.800000e+00	-2.550000e-05	0.000000e+00	-5.100000e-13	2.550000e-05	0.000000e+00	-2.550000e-05
2.805000000000000e+00	5.000000e-01	2.805000e+00	-2.555000e-05	0.000000e+00	-5.100000e-13	2.555000e-05	0.000000e+00	-2.555000e-05
2.810000000000000e+00	5.000000e-01	2.810000e+00	-2.560000e-05	0.000000e+00	-5.100000e-13	2.560000e-05	0.000000e+00	-2.560000e-05
2.815000000000000e+00	5.000000e-01	2.815000e+00	-2.565000e-05	0.000000e+00	-5.100000e-13	2.565000e-05	0.000000e+00	-2.565000e-05
2.820000000000000e+00	5.000000e-01	2.820000e+00	-2.570000e-05	0.000000e+00	-5.100000e-13	2.570000e-05	0.000000e+00	-2.570000e-05
2.825000000000000e+00	5.000000e-01	2.825000e+00	-2.575000e-05	0.000000e+00	-5.100000e-13	2.575000e-05	0.000000e+00	-2.575000e-05
2.830000000000000e+00	5.000000e-01	2.830000e+00	-2.580000e-05	0.000000e+00	-5.100000e-13	2.580000e-05	0.000000e+00	-2.580000e-05
2.835000000000000e+00	5.000000e-01	2.835000e+00	-2.585000e-05	0.000000e+00	-5.100000e-13	2.585000e-05	0.000000e+00	-2.585000e-05
2.840000000000000e+00	5.000000e-01	2.840000e+00	-2.590000e-05	0.000000e+00	-5.100000e-13	2.590000e-05	0.000000e+00	-2.590000e-05
2.845000000000000e+00	5.000000e-01	2.845000e+00	-2.595000e-05	0.000000e+00	-5.100000e-13	2.595000e-05	0.000000e+00	-2.595000e-05
2.850000000000000e+00	5.000000e-01	2.850000e+00	-2.600000e-05	0.000000e+00	-5.100000e-13	2.600000e-05	0.000000e+00	-2.600000e-05
2.855000000000000e+00	5.000000e-01	2.855000e+00	-2.605000e-05	0.000000e+00	-5.100000e-13	2.605000e-05	0.000000e+00	-2.605000e-05
2.860000000000000e+00	5.000000e-01	2.860000e+00	-2.610000e-05	0.000000e+00	-5.100000e-13	2.610000e-05	0.000000e+00	-2.610000e-05
2.865000000000000e+00	5.000000e-01	2.865000e+00	-2.615000e-05	0.000000e+00	-5.100000e-13	2.615000e-05	0.000000e+00	-2.615000e-05
2.870000000000000e+00	5.000000e-01	2.870000e+00	-2.620000e-05	0.000000e+00	-5.100000e-13	2.620000e-05	0.000000e+00	-2.620000e-05
2.875000000000000e+00	5.000000e-01	2.875000e+00	-2.625000e-05	0.000000e+00	-5.100000e-13	2.625000e-05	0.000000e+00	-2.625000e-05
2.880000000000000e+00	5.000000e-01	2.880000e+00	-2.630000e-05	0.000000e+00	-5.100000e-13	2.630000e-05	0.000000e+00	-2.630000e-05
2.885000000000000e+00	5.000000e-01	2.885000e+00	-2.635000e-05	0.000000e+00	-5.100000e-13	2.635000e-05	0.000000e+00	-2.635000e-05
2.890000000000000e+00	5.000000e-01	2.890000e+00	-2.640000e-05	0.000000e+00	-5.100000e-13	2.640000e-05	0.000000e+00	-2.640000e-05
2.895000000000000e+00	5.000000e-01	2.895000e+00	-2.645000e-05	0.000000e+00	-5.100000e-13	2.645000e-05	0.000000e+00	-2.645000e-05
2.900000000000000e+00	5.000000e-01	2.900000e+00	-2.650000e-05	0.000000e+00	-5.100000e-13	2.650000e-05	0.000000e+00	-2.650000e-05
2.905000000000000e+00	5.000000e-01	2.905000e+00	-2.655000e-05	0.000000e+00	-5.100000e-13	2.655000e-05	0.000000e+00	-2.655000e-05
2.910000000000000e+00	5.000000e-01	2.910000e+00	-2.660000e-05	0.000000e+00	-5.100000e-13	2.660000e-05	0.000000e+00	-2.660000e-05
2.915000000000000e+00	5.000000e-01	2.915000e+00	-2.665000e-05	0.000000e+00	-5.100000e-13	2.665000e-05	0.000000e+00	-2.665000e-05
2.920000000000000e+00	5.000000e-01	2.920000e+00	-2.670000e-05	0.000000e+00	-5.100000e-13	2.670000e-05	0.000000e+00	-2.670000e-05
2.925000000000000e+00	5.000000e-01	2.925000e+00	-2.675000e-05	0.000000e+00	-5.100000e-13	2.675000e-05	0.000000e+00	-2.675000e-05
2.930000000000000e+00	5.000000e-01	2.930000e+00	-2.680000e-05	0.000000e+00	-5.100000e-13	2.680000e-05	0.000000e+00	-2.680000e-05
2.935000000000000e+00	5.000000e-01	2.935000e+00	-2.685000e-05	0.000000e+00	-5.100000e-13	2.685000e-05	0.000000e+00	-2.685000e-05
2.940000000000000e+00	5.000000e-01	2.940000e+00	-2.690000e-05	0.000000e+00	-5.100000e-13	2.690000e-05	0.000000e+00	-2.690000e-05
2.945000000000000e+00	5.000000e-01	2.945000e+00	-2.695000e-05	0.000000e+00	-5.100000e-13	2.695000e-05	0.000000e+00	-2.695000e-05
2.950000000000000e+00	5.000000e-01	2.950000e+00	-2.700000e-05	0.000000e+00	-5.100000e-13	2.700000e-05	0.000000e+00	-2.700000e-05
2.955000000000000e+00	5.000000e-01	2.955000e+00	-2.705000e-05	0.000000e+00	-5.100000e-13	2.705000e-05	0.000000e+00	-2.705000e-05
2.960000000000000e+00	5.000000e-01	2.960000e+00	-2.710000e-05	0.000000e+00	-5.100000e-13	2.710000e-05	0.000000e+00	-2.710000e-05
2.965000000000000e+00	5.000000e-01	2.965000e+00	-2.715000e-05	0.000000e+00	-5.100000e-13	2.715000e-05	0.000000e+00	-2.715000e-05
2.970000000000000e+00	5.000000e-01	2.970000e+00	-2.720000e-05	0.000000e+00	-5.100000e-13	2.720000e-05	0.000000e+00	-2.720000e-05
2.975000000000000e+00	5.000000e-01	2.975000e+00	-2.725000e-05	0.000000e+00	-5.100000e-13	2.725000e-05	0.000000e+00	-2.725000e-05
2.980000000000000e+00	5.000000e-01	2.980000e+00	-2.730000e-05	0.000000e+00	-5.100000e-13	2.730000e-05	0.000000e+00	-2.730000e-05
2.985000000000000e+00	5.000000e-01	2.985000e+00	-2.735000e-05	0.000000e+00	-5.100000e-13	2.735000e-05	0.000000e+00	-2.735000e-05
2.990000000000000e+00	5.000000e-01	2.990000e+00	-2.740000e-05	0.000000e+00	-5.100000e-13	2.740000e-05	0.000000e+00	-2.740000e-05
2.995000000000000e+00	5.000000e-01	2.995000e+00	-2.745000e-05	0.000000e+00	-5.100000e-13	2.745000e-05	0.000000e+00	-2.745000e-05
3.000000000000000e+00	5.000000e-01	3.000000e+00	-2.750000e-05	0.000000e+00	-5.100000e-13	2.750000e-05	0.000000e+00	-2.750000e-05
